0 1 0 -0
0.05 0.99875 0.0499792 -0.0499792
0.1 0.995004 0.0998334 -0.0998334
0.15 0.988771 0.149438 -0.149438
0.2 0.980067 0.198669 -0.198669
0.25 0.968912 0.247404 -0.247404
0.3 0.955336 0.29552 -0.29552
0.35 0.939373 0.342898 -0.342898
0.4 0.921061 0.389418 -0.389418
0.45 0.900447 0.434966 -0.434966
0.5 0.877583 0.479426 -0.479426
0.55 0.852525 0.522687 -0.522687
0.6 0.825336 0.564642 -0.564642
0.65 0.796084 0.605186 -0.605186
0.7 0.764842 0.644218 -0.644218
0.75 0.731689 0.681639 -0.681639
0.8 0.696707 0.717356 -0.717356
0.85 0.659983 0.75128 -0.75128
0.9 0.62161 0.783327 -0.783327
0.95 0.581683 0.813416 -0.813416
1 0.540302 0.841471 -0.841471
1.05 0.497571 0.867423 -0.867423
1.1 0.453596 0.891207 -0.891207
1.15 0.408487 0.912764 -0.912764
1.2 0.362358 0.932039 -0.932039
1.25 0.315322 0.948985 -0.948985
1.3 0.267499 0.963558 -0.963558
1.35 0.219007 0.975723 -0.975723
1.4 0.169967 0.98545 -0.98545
1.45 0.120503 0.992713 -0.992713
1.5 0.0707372 0.997495 -0.997495
1.55 0.0207948 0.999784 -0.999784
1.6 -0.0291995 0.999574 -0.999574
1.65 -0.0791209 0.996865 -0.996865
1.7 -0.128844 0.991665 -0.991665
1.75 -0.178246 0.983986 -0.983986
1.8 -0.227202 0.973848 -0.973848
1.85 -0.27559 0.961275 -0.961275
1.9 -0.32329 0.9463 -0.9463
1.95 -0.370181 0.92896 -0.92896
2 -0.416147 0.909297 -0.909297
2.05 -0.461073 0.887362 -0.887362
2.1 -0.504846 0.863209 -0.863209
2.15 -0.547358 0.836899 -0.836899
2.2 -0.588501 0.808496 -0.808496
2.25 -0.628174 0.778073 -0.778073
2.3 -0.666276 0.745705 -0.745705
2.35 -0.702713 0.711473 -0.711473
2.4 -0.737394 0.675463 -0.675463
2.45 -0.770231 0.637765 -0.637765
2.5 -0.801144 0.598472 -0.598472
2.55 -0.830054 0.557684 -0.557684
2.6 -0.856889 0.515501 -0.515501
2.65 -0.881582 0.472031 -0.472031
2.7 -0.904072 0.42738 -0.42738
2.75 -0.924302 0.381661 -0.381661
2.8 -0.942222 0.334988 -0.334988
2.85 -0.957787 0.287478 -0.287478
2.9 -0.970958 0.239249 -0.239249
2.95 -0.981702 0.190423 -0.190423
3 -0.989992 0.14112 -0.14112
3.05 -0.995808 0.0914646 -0.0914646
3.1 -0.999135 0.0415807 -0.0415807
3.15 -0.999965 -0.00840725 0.00840725
3.2 -0.998295 -0.0583741 0.0583741
3.25 -0.99413 -0.108195 0.108195
3.3 -0.98748 -0.157746 0.157746
3.35 -0.978362 -0.206902 0.206902
3.4 -0.966798 -0.255541 0.255541
3.45 -0.952818 -0.303542 0.303542
3.5 -0.936457 -0.350783 0.350783
3.55 -0.917755 -0.397148 0.397148
3.6 -0.896758 -0.44252 0.44252
3.65 -0.873521 -0.486787 0.486787
3.7 -0.8481 -0.529836 0.529836
3.75 -0.820559 -0.571561 0.571561
3.8 -0.790968 -0.611858 0.611858
3.85 -0.759399 -0.650625 0.650625
3.9 -0.725932 -0.687766 0.687766
3.95 -0.690651 -0.723188 0.723188
4 -0.653644 -0.756802 0.756802
4.05 -0.615002 -0.788525 0.788525
4.1 -0.574824 -0.818277 0.818277
4.15 -0.533209 -0.845984 0.845984
4.2 -0.490261 -0.871576 0.871576
4.25 -0.446087 -0.894989 0.894989
4.3 -0.400799 -0.916166 0.916166
4.35 -0.354509 -0.935053 0.935053
4.4 -0.307333 -0.951602 0.951602
4.45 -0.259389 -0.965773 0.965773
4.5 -0.210796 -0.97753 0.97753
4.55 -0.161676 -0.986844 0.986844
4.6 -0.112153 -0.993691 0.993691
4.65 -0.0623485 -0.998054 0.998054
4.7 -0.0123887 -0.999923 0.999923
4.75 0.0376022 -0.999293 0.999293
4.8 0.087499 -0.996165 0.996165
4.85 0.137177 -0.990547 0.990547
4.9 0.186512 -0.982453 0.982453
4.95 0.235381 -0.971903 0.971903
5 0.283662 -0.958924 0.958924
5.05 0.331234 -0.943549 0.943549
5.1 0.377978 -0.925815 0.925815
5.15 0.423777 -0.905767 0.905767
5.2 0.468517 -0.883455 0.883455
5.25 0.512085 -0.858934 0.858934
5.3 0.554374 -0.832267 0.832267
5.35 0.595278 -0.80352 0.80352
5.4 0.634693 -0.772764 0.772764
5.45 0.672522 -0.740077 0.740077
5.5 0.70867 -0.70554 0.70554
5.55 0.743046 -0.66924 0.66924
5.6 0.775566 -0.631267 0.631267
5.65 0.806147 -0.591716 0.591716
5.7 0.834713 -0.550686 0.550686
5.75 0.861192 -0.508279 0.508279
5.8 0.88552 -0.464602 0.464602
5.85 0.907633 -0.419764 0.419764
5.9 0.927478 -0.373877 0.373877
5.95 0.945005 -0.327055 0.327055
6 0.96017 -0.279415 0.279415
6.05 0.972935 -0.231078 0.231078
6.1 0.983268 -0.182163 0.182163
6.15 0.991144 -0.132792 0.132792
6.2 0.996542 -0.0830894 0.0830894
6.25 0.999449 -0.0331792 0.0331792
6.3 0.999859 0.0168139 -0.0168139
6.35 0.997769 0.066765 -0.066765
6.4 0.993185 0.116549 -0.116549
6.45 0.986119 0.166042 -0.166042
6.5 0.976588 0.21512 -0.21512
6.55 0.964616 0.26366 -0.26366
6.6 0.950233 0.311541 -0.311541
6.65 0.933474 0.358644 -0.358644
6.7 0.914383 0.40485 -0.40485
6.75 0.893006 0.450044 -0.450044
6.8 0.869397 0.494113 -0.494113
6.85 0.843616 0.536948 -0.536948
6.9 0.815725 0.57844 -0.57844
6.95 0.785796 0.618486 -0.618486
7 0.753902 0.656987 -0.656987
7.05 0.720124 0.693845 -0.693845
7.1 0.684547 0.728969 -0.728969
7.15 0.647258 0.762271 -0.762271
7.2 0.608351 0.793668 -0.793668
7.25 0.567924 0.823081 -0.823081
7.3 0.526078 0.850437 -0.850437
7.35 0.482916 0.875667 -0.875667
7.4 0.438547 0.898708 -0.898708
7.45 0.393083 0.919503 -0.919503
7.5 0.346635 0.938 -0.938
7.55 0.299322 0.954152 -0.954152
7.6 0.25126 0.96792 -0.96792
7.65 0.20257 0.979268 -0.979268
7.7 0.153374 0.988168 -0.988168
7.75 0.103794 0.994599 -0.994599
7.8 0.0539554 0.998543 -0.998543
7.85 0.00398162 0.999992 -0.999992
7.9 -0.0460021 0.998941 -0.998941
7.95 -0.0958709 0.995394 -0.995394
8 -0.1455 0.989358 -0.989358
8.05 -0.194765 0.98085 -0.98085
8.1 -0.243544 0.96989 -0.96989
8.15 -0.291714 0.956506 -0.956506
8.2 -0.339155 0.940731 -0.940731
8.25 -0.385748 0.922604 -0.922604
8.3 -0.431377 0.902172 -0.902172
8.35 -0.475928 0.879484 -0.879484
8.4 -0.519289 0.854599 -0.854599
8.45 -0.561352 0.827577 -0.827577
8.5 -0.602012 0.798487 -0.798487
8.55 -0.641167 0.767401 -0.767401
8.6 -0.67872 0.734397 -0.734397
8.65 -0.714576 0.699557 -0.699557
8.7 -0.748647 0.662969 -0.662969
8.75 -0.780846 0.624724 -0.624724
8.8 -0.811093 0.584917 -0.584917
8.85 -0.839313 0.543648 -0.543648
8.9 -0.865435 0.501021 -0.501021
8.95 -0.889394 0.457141 -0.457141
9 -0.91113 0.412118 -0.412118
