0 3.04159 0
0.02 3.04149 -0.00996173
0.04 3.04119 -0.0198935
0.06 3.0407 -0.0298153
0.08 3.04 -0.0397468
0.1 3.03911 -0.0497077
0.12 3.03801 -0.0597175
0.14 3.03672 -0.0697959
0.16 3.03522 -0.0799626
0.18 3.03352 -0.0902372
0.2 3.03161 -0.10064
0.22 3.02949 -0.11119
0.24 3.02716 -0.121908
0.26 3.02461 -0.132814
0.28 3.02185 -0.143929
0.3 3.01886 -0.155273
0.32 3.01564 -0.166869
0.34 3.01218 -0.178737
0.36 3.00848 -0.190899
0.38 3.00454 -0.203379
0.4 3.00035 -0.216198
0.42 2.99589 -0.22938
0.44 2.99117 -0.242949
0.46 2.98617 -0.25693
0.48 2.98089 -0.271348
0.5 2.97531 -0.286228
0.52 2.96944 -0.301597
0.54 2.96325 -0.317483
0.56 2.95673 -0.333913
0.58 2.94989 -0.350915
0.6 2.94269 -0.36852
0.62 2.93514 -0.386759
0.64 2.92722 -0.405661
0.66 2.91891 -0.42526
0.68 2.9102 -0.445589
0.7 2.90108 -0.466682
0.72 2.89153 -0.488574
0.74 2.88153 -0.511302
0.76 2.87107 -0.534901
0.78 2.86013 -0.559412
0.8 2.84869 -0.584873
0.82 2.83673 -0.611324
0.84 2.82423 -0.638806
0.86 2.81117 -0.667362
0.88 2.79753 -0.697036
0.9 2.78328 -0.72787
0.92 2.7684 -0.759911
0.94 2.75288 -0.793204
0.96 2.73667 -0.827795
0.98 2.71975 -0.863732
1 2.70211 -0.901061
1.02 2.6837 -0.939831
1.04 2.66451 -0.98009
1.06 2.64449 -1.02188
1.08 2.62362 -1.06526
1.1 2.60187 -1.11027
1.12 2.5792 -1.15696
1.14 2.55558 -1.20536
1.16 2.53097 -1.25552
1.18 2.50534 -1.30749
1.2 2.47866 -1.3613
1.22 2.45088 -1.41698
1.24 2.42197 -1.47455
1.26 2.39189 -1.53406
1.28 2.36059 -1.5955
1.3 2.32805 -1.6589
1.32 2.29422 -1.72426
1.34 2.25907 -1.79156
1.36 2.22255 -1.8608
1.38 2.18462 -1.93195
1.4 2.14526 -2.00496
1.42 2.10441 -2.07978
1.44 2.06206 -2.15633
1.46 2.01815 -2.23453
1.48 1.97266 -2.31426
1.5 1.92557 -2.3954
1.52 1.87684 -2.4778
1.54 1.82645 -2.56127
1.56 1.77438 -2.64561
1.58 1.72062 -2.7306
1.6 1.66516 -2.81598
1.62 1.60798 -2.90145
1.64 1.5491 -2.98671
1.66 1.48852 -3.07142
1.68 1.42625 -3.1552
1.7 1.36232 -3.23764
1.72 1.29675 -3.31834
1.74 1.2296 -3.39685
1.76 1.1609 -3.47269
1.78 1.09071 -3.54539
1.8 1.01911 -3.61446
1.82 0.946161 -3.67941
1.84 0.871962 -3.73974
1.86 0.796606 -3.79497
1.88 0.7202 -3.84463
1.9 0.64286 -3.88829
1.92 0.564711 -3.92552
1.94 0.485885 -3.95595
1.96 0.406521 -3.97925
1.98 0.326764 -3.99516
2 0.246765 -4.00344
2.02 0.166679 -4.00393
2.04 0.0866606 -3.99656
2.06 0.00686901 -3.98128
2.08 -0.0725383 -3.95814
2.1 -0.151405 -3.92725
2.12 -0.229578 -3.88877
2.14 -0.306907 -3.84294
2.16 -0.383248 -3.79002
2.18 -0.458463 -3.73037
2.2 -0.53242 -3.66434
2.22 -0.604996 -3.59234
2.24 -0.676077 -3.51481
2.26 -0.745555 -3.4322
2.28 -0.813334 -3.34497
2.3 -0.879326 -3.25359
2.32 -0.943453 -3.15852
2.34 -1.00565 -3.06023
2.36 -1.06584 -2.95916
2.38 -1.124 -2.85574
2.4 -1.18006 -2.75037
2.42 -1.234 -2.64344
2.44 -1.28579 -2.53529
2.46 -1.33541 -2.42625
2.48 -1.38284 -2.31663
2.5 -1.42807 -2.2067
2.52 -1.4711 -2.09668
2.54 -1.51194 -1.98679
2.56 -1.55058 -1.87721
2.58 -1.58703 -1.7681
2.6 -1.6213 -1.6596
2.62 -1.65342 -1.55179
2.64 -1.68338 -1.44478
2.66 -1.71121 -1.33863
2.68 -1.73693 -1.23338
2.7 -1.76056 -1.12906
2.72 -1.7821 -1.02568
2.74 -1.80159 -0.923247
2.76 -1.81904 -0.821745
2.78 -1.83447 -0.721151
2.8 -1.84789 -0.621434
2.82 -1.85933 -0.522552
2.84 -1.8688 -0.424459
2.86 -1.87631 -0.327104
2.88 -1.88189 -0.23043
2.9 -1.88553 -0.134379
2.92 -1.88726 -0.0388905
2.94 -1.88709 0.0560981
2.96 -1.88502 0.150648
2.98 -1.88107 0.244818
3 -1.87523 0.338669
3.02 -1.86752 0.432253
3.04 -1.85794 0.525622
3.06 -1.8465 0.618822
3.08 -1.83319 0.711893
3.1 -1.81802 0.804867
3.12 -1.801 0.89777
3.14 -1.78211 0.990617
3.16 -1.76137 1.08341
3.18 -1.73878 1.17616
3.2 -1.71433 1.26883
3.22 -1.68803 1.3614
3.24 -1.65987 1.45383
3.26 -1.62987 1.54605
3.28 -1.59803 1.63799
3.3 -1.56436 1.72956
3.32 -1.52885 1.82065
3.34 -1.49153 1.91113
3.36 -1.45241 2.00086
3.38 -1.41151 2.08967
3.4 -1.36883 2.17737
3.42 -1.32442 2.26376
3.44 -1.27829 2.34861
3.46 -1.23049 2.43169
3.48 -1.18104 2.51273
3.5 -1.12999 2.59147
3.52 -1.0774 2.6676
3.54 -1.02331 2.74084
3.56 -0.967787 2.81086
3.58 -0.910898 2.87735
3.6 -0.852718 2.93999
3.62 -0.793327 2.99846
3.64 -0.73281 3.05244
3.66 -0.671261 3.10162
3.68 -0.608779 3.14572
3.7 -0.545468 3.18445
3.72 -0.481439 3.21756
3.74 -0.416805 3.24481
3.76 -0.351686 3.26602
3.78 -0.286206 3.281
3.8 -0.220489 3.28963
3.82 -0.154663 3.29182
3.84 -0.0888593 3.28751
3.86 -0.0232063 3.2767
3.88 0.0421654 3.2594
3.9 0.107127 3.2357
3.92 0.171552 3.20571
3.94 0.235314 3.16956
3.96 0.298294 3.12745
3.98 0.360374 3.07958
4 0.421441 3.02621
4.02 0.481387 2.9676
4.04 0.540112 2.90403
4.06 0.597518 2.83581
4.08 0.653515 2.76326
4.1 0.708021 2.68669
4.12 0.760958 2.60644
4.14 0.812256 2.52281
4.16 0.861851 2.43615
4.18 0.909684 2.34675
4.2 0.955704 2.25492
4.22 0.999866 2.16095
4.24 1.04213 2.06512
4.26 1.08246 1.96768
4.28 1.12083 1.86889
4.3 1.15721 1.76898
4.32 1.19158 1.66813
4.34 1.22393 1.56656
4.36 1.25424 1.46444
4.38 1.2825 1.36191
4.4 1.30871 1.25911
4.42 1.33287 1.15618
4.44 1.35496 1.05322
4.46 1.375 0.95032
4.48 1.39298 0.847563
4.5 1.4089 0.745019
4.52 1.42278 0.642746
4.54 1.43461 0.540794
4.56 1.44441 0.439203
4.58 1.45218 0.338007
4.6 1.45794 0.237237
4.62 1.46168 0.136915
4.64 1.46341 0.0370637
4.66 1.46316 -0.0622974
4.68 1.46093 -0.16115
4.7 1.45672 -0.259473
4.72 1.45055 -0.357247
4.74 1.44243 -0.454448
4.76 1.43238 -0.551048
4.78 1.4204 -0.647013
4.8 1.4065 -0.742306
4.82 1.39071 -0.83688
4.84 1.37303 -0.930683
4.86 1.35349 -1.02365
4.88 1.33209 -1.11572
4.9 1.30886 -1.2068
4.92 1.28383 -1.2968
4.94 1.257 -1.38561
4.96 1.22841 -1.47313
4.98 1.19808 -1.55923
5 1.16605 -1.64376
5.02 1.13235 -1.72658
5.04 1.097 -1.80752
5.06 1.06006 -1.88641
5.08 1.02156 -1.96307
5.1 0.981552 -2.0373
5.12 0.940085 -2.1089
5.14 0.897214 -2.17766
5.16 0.852999 -2.24337
5.18 0.807501 -2.30581
5.2 0.76079 -2.36475
5.22 0.712936 -2.41999
5.24 0.664017 -2.47129
5.26 0.614112 -2.51846
5.28 0.563307 -2.56129
5.3 0.511691 -2.59958
5.32 0.459355 -2.63317
5.34 0.406397 -2.66187
5.36 0.352914 -2.68556
5.38 0.299008 -2.70411
5.4 0.244784 -2.71741
5.42 0.190348 -2.72538
5.44 0.135805 -2.72798
5.46 0.0812646 -2.72517
5.48 0.0268342 -2.71697
5.5 -0.0273782 -2.70338
5.52 -0.0812656 -2.68448
5.54 -0.134722 -2.66033
5.56 -0.187645 -2.63105
5.58 -0.239931 -2.59676
5.6 -0.291483 -2.55761
5.62 -0.342204 -2.51377
5.64 -0.392004 -2.46542
5.66 -0.440793 -2.41278
5.68 -0.488487 -2.35604
5.7 -0.535008 -2.29543
5.72 -0.580281 -2.23119
5.74 -0.624233 -2.16355
5.76 -0.666801 -2.09274
5.78 -0.707924 -2.01901
5.8 -0.747544 -1.94258
5.82 -0.78561 -1.86369
5.84 -0.822076 -1.78256
5.86 -0.856899 -1.69942
5.88 -0.890041 -1.61447
5.9 -0.921468 -1.52792
5.92 -0.951149 -1.43996
5.94 -0.979058 -1.35077
5.96 -1.00517 -1.26051
5.98 -1.02947 -1.16936
6 -1.05194 -1.07746
6.02 -1.07257 -0.984955
6.04 -1.09134 -0.891968
6.06 -1.10824 -0.798625
6.08 -1.12328 -0.705035
6.1 -1.13644 -0.611303
6.12 -1.14773 -0.517524
6.14 -1.15714 -0.423789
6.16 -1.16468 -0.330182
6.18 -1.17035 -0.23678
6.2 -1.17416 -0.143661
6.22 -1.1761 -0.0508944
6.24 -1.1762 0.0414482
6.26 -1.17445 0.133298
6.28 -1.17087 0.224588
6.3 -1.16547 0.315247
6.32 -1.15826 0.405206
6.34 -1.14927 0.494392
6.36 -1.13849 0.582729
6.38 -1.12596 0.670138
6.4 -1.11169 0.756535
6.42 -1.09571 0.841832
6.44 -1.07803 0.925935
6.46 -1.05868 1.00874
6.48 -1.03769 1.09015
6.5 -1.01508 1.17005
6.52 -0.990897 1.24832
6.54 -0.965162 1.32483
6.56 -0.937916 1.39945
6.58 -0.909198 1.47205
6.6 -0.879049 1.54249
6.62 -0.847514 1.6106
6.64 -0.814641 1.67626
6.66 -0.780481 1.73928
6.68 -0.745088 1.79953
6.7 -0.708519 1.85684
6.72 -0.670835 1.91105
6.74 -0.632099 1.96201
6.76 -0.592377 2.00955
6.78 -0.55174 2.05353
6.8 -0.510261 2.0938
6.82 -0.468014 2.13023
6.84 -0.425078 2.16268
6.86 -0.381534 2.19104
6.88 -0.337464 2.21521
6.9 -0.292954 2.23508
6.92 -0.24809 2.25059
6.94 -0.20296 2.26167
6.96 -0.157653 2.26828
6.98 -0.112259 2.27038
7 -0.0668681 2.26798
7.02 -0.0215701 2.26107
7.04 0.0235449 2.24969
7.06 0.068388 2.23388
7.08 0.112871 2.21371
7.1 0.156908 2.18925
7.12 0.200413 2.1606
7.14 0.243305 2.12787
7.16 0.285501 2.09118
7.18 0.326926 2.05068
7.2 0.367504 2.0065
7.22 0.407163 1.95881
7.24 0.445834 1.90777
7.26 0.483452 1.85354
7.28 0.519956 1.79632
7.3 0.555286 1.73627
7.32 0.589389 1.67358
7.34 0.622213 1.60843
7.36 0.653711 1.54099
7.38 0.683839 1.47145
7.4 0.712556 1.39998
7.42 0.739826 1.32675
7.44 0.765615 1.25193
7.46 0.789894 1.17569
7.48 0.812635 1.09817
7.5 0.833813 1.01954
7.52 0.853409 0.939925
7.54 0.871405 0.859477
7.56 0.887784 0.778327
7.58 0.902534 0.696601
7.6 0.915645 0.614421
7.62 0.927109 0.531903
7.64 0.93692 0.44916
7.66 0.945074 0.366299
7.68 0.951571 0.283423
7.7 0.956412 0.200632
7.72 0.959598 0.118023
7.74 0.961135 0.035691
7.76 0.961028 -0.0462713
7.78 0.959287 -0.127772
7.8 0.955921 -0.20872
7.82 0.950942 -0.289023
7.84 0.944365 -0.368591
7.86 0.936204 -0.447331
7.88 0.926478 -0.525149
7.9 0.915205 -0.601949
7.92 0.902407 -0.677634
7.94 0.888108 -0.752104
7.96 0.872332 -0.825254
7.98 0.855107 -0.896981
8 0.836463 -0.967176
8.02 0.816431 -1.03573
8.04 0.795045 -1.10252
8.06 0.772342 -1.16744
8.08 0.748361 -1.23037
8.1 0.723142 -1.29119
8.12 0.696728 -1.34977
8.14 0.669167 -1.40599
8.16 0.640505 -1.45973
8.18 0.610795 -1.51087
8.2 0.580089 -1.55929
8.22 0.548442 -1.60486
8.24 0.515914 -1.64747
8.26 0.482564 -1.68701
8.28 0.448455 -1.72338
8.3 0.413651 -1.75646
8.32 0.378219 -1.78617
8.34 0.342227 -1.81243
8.36 0.305745 -1.83514
8.38 0.268845 -1.85426
8.4 0.231599 -1.86971
8.42 0.194082 -1.88145
8.44 0.156366 -1.88946
8.46 0.118528 -1.8937
8.48 0.0806435 -1.89417
8.5 0.0427868 -1.89087
8.52 0.00503366 -1.88382
8.54 -0.0325412 -1.87305
8.56 -0.0698638 -1.8586
8.58 -0.106861 -1.84052
8.6 -0.143461 -1.81889
8.62 -0.179593 -1.79377
8.64 -0.215189 -1.76525
8.66 -0.250182 -1.73344
8.68 -0.284506 -1.69844
8.7 -0.318099 -1.66036
8.72 -0.3509 -1.61933
8.74 -0.382853 -1.57546
8.76 -0.413901 -1.5289
8.78 -0.443992 -1.47978
8.8 -0.473076 -1.42824
8.82 -0.501106 -1.37442
8.84 -0.528039 -1.31847
8.86 -0.553832 -1.26052
8.88 -0.578447 -1.20072
8.9 -0.601849 -1.13921
8.92 -0.624005 -1.07614
8.94 -0.644885 -1.01164
8.96 -0.664462 -0.945848
8.98 -0.682712 -0.878898
9 -0.699611 -0.810922
9.02 -0.715142 -0.742047
9.04 -0.729288 -0.672397
9.06 -0.742034 -0.602095
9.08 -0.753368 -0.531258
9.1 -0.763281 -0.46
9.12 -0.771766 -0.388435
9.14 -0.778818 -0.316672
9.16 -0.784433 -0.244816
9.18 -0.78861 -0.172973
9.2 -0.791352 -0.101245
9.22 -0.792662 -0.0297332
9.24 -0.792544 0.041464
9.26 -0.791006 0.112248
9.28 -0.788057 0.182521
9.3 -0.783709 0.252187
9.32 -0.777974 0.32115
9.34 -0.770868 0.389311
9.36 -0.762408 0.456576
9.38 -0.752612 0.522846
9.4 -0.741501 0.588024
9.42 -0.729099 0.652012
9.44 -0.715429 0.71471
9.46 -0.70052 0.77602
9.48 -0.684399 0.83584
9.5 -0.667097 0.894069
9.52 -0.648647 0.950607
9.54 -0.629084 1.00535
9.56 -0.608446 1.0582
9.58 -0.58677 1.10905
9.6 -0.564097 1.15781
9.62 -0.540472 1.20437
9.64 -0.515938 1.24864
9.66 -0.490542 1.29053
9.68 -0.464333 1.32993
9.7 -0.437362 1.36676
9.72 -0.40968 1.40094
9.74 -0.381342 1.43239
9.76 -0.352404 1.46103
9.78 -0.32292 1.48679
9.8 -0.292952 1.50961
9.82 -0.262556 1.52943
9.84 -0.231795 1.54621
9.86 -0.200728 1.5599
9.88 -0.169419 1.57048
9.9 -0.13793 1.57791
9.92 -0.106324 1.58219
9.94 -0.0746633 1.58332
9.96 -0.0430121 1.58128
9.98 -0.0114329 1.57611
10 0.0200115 1.56782
10 0.0200115 1.56782
