1 0
1.02999 0.06398
1.05649 0.128777
1.08043 0.196713
1.10158 0.26803
1.11962 0.342725
1.13417 0.420732
1.14485 0.501937
1.15125 0.586171
1.15292 0.673201
1.14944 0.762723
1.14035 0.854351
1.12521 0.947613
1.10362 1.04194
1.07518 1.13667
1.03957 1.23105
0.996522 1.3242
0.945858 1.41519
0.887511 1.50299
0.821535 1.58652
0.748127 1.66466
0.667633 1.7363
0.580559 1.80034
0.487567 1.85574
0.389469 1.90159
0.287216 1.93707
0.181871 1.96157
0.0745847 1.97464
-0.0334375 1.97604
-0.140971 1.96578
-0.246809 1.94405
-0.349796 1.91128
-0.44886 1.86806
-0.543043 1.81518
-0.631516 1.75353
-0.713601 1.68414
-0.788772 1.60807
-0.856659 1.52642
-0.917042 1.44031
-0.969841 1.35081
-1.0151 1.25893
-1.05296 1.16562
-1.08368 1.07175
-1.10755 0.97808
-1.12495 0.885291
-1.13628 0.793959
-1.14195 0.704568
-1.1424 0.617517
-1.13807 0.533122
-1.12937 0.451632
-1.11672 0.373227
-1.10051 0.298035
-1.08109 0.226135
-1.05882 0.157566
-1.03401 0.0923339
-1.00694 0.0304187
-0.977895 -0.0282225
-0.947101 -0.0836487
-0.914779 -0.135932
-0.881124 -0.185153
-0.846309 -0.2314
-0.810492 -0.274762
-0.773809 -0.315335
-0.736383 -0.353209
-0.698323 -0.388477
-0.659724 -0.421229
-0.620668 -0.451551
-0.581229 -0.479526
-0.54147 -0.505232
-0.501447 -0.528743
-0.461207 -0.550128
-0.420791 -0.569451
-0.380235 -0.58677
-0.33957 -0.602141
-0.298821 -0.615609
-0.258011 -0.627219
-0.217158 -0.637008
-0.176279 -0.645008
-0.135388 -0.651246
-0.0944976 -0.655744
-0.0536183 -0.658518
-0.01276 -0.659579
0.0280676 -0.658934
0.0688554 -0.656582
0.109594 -0.65252
0.150273 -0.646738
0.19088 -0.639221
0.231405 -0.629948
0.271831 -0.618895
0.312142 -0.606031
0.352318 -0.59132
0.392336 -0.574721
0.432169 -0.556188
0.471785 -0.535669
0.511148 -0.513109
0.550215 -0.488444
0.588937 -0.461609
0.627257 -0.432534
0.66511 -0.401142
0.702422 -0.367354
0.739107 -0.331088
0.77507 -0.292258
0.810201 -0.250776
0.844377 -0.206555
0.877458 -0.159506
0.909288 -0.109544
0.939693 -0.0565858
0.968478 -0.000557556
0.995428 0.0586071
1.0203 0.120961
1.04284 0.186541
1.06275 0.25536
1.07973 0.327408
1.09344 0.402639
1.10351 0.480967
1.10957 0.562262
1.11122 0.646335
1.10804 0.732939
1.09961 0.82175
1.08552 0.91237
1.06535 1.00431
1.03872 1.097
1.00528 1.18975
0.964747 1.28181
0.916892 1.37231
0.86159 1.4603
0.798818 1.54478
0.728682 1.62466
0.651426 1.69886
0.567447 1.76627
0.477294 1.82582
0.381674 1.87653
0.281436 1.91749
0.177562 1.94794
0.0711394 1.96729
-0.0366631 1.97516
-0.144632 1.97136
-0.251544 1.95591
-0.356199 1.92908
-0.457461 1.89132
-0.554282 1.84328
-0.645736 1.78578
-0.731034 1.71975
-0.809538 1.64624
-0.880771 1.56634
-0.94441 1.48118
-1.00029 1.39188
-1.04837 1.29952
-1.08875 1.20514
-1.12162 1.10967
-1.14728 1.01398
-1.16606 0.918827
-1.17838 0.824878
-1.18466 0.732697
-1.18535 0.642755
-1.18092 0.555434
-1.17182 0.471035
-1.15848 0.389786
-1.14134 0.311852
-1.12079 0.237342
-1.0972 0.166317
-1.07093 0.0988003
-1.04229 0.0347816
-1.01158 -0.025775
-0.979063 -0.0829264
-0.944975 -0.136745
-0.909535 -0.187315
-0.872935 -0.234729
-0.835346 -0.279085
-0.796921 -0.320484
-0.757793 -0.359026
-0.718082 -0.394814
-0.677891 -0.427945
-0.637311 -0.458516
-0.596422 -0.48662
-0.555292 -0.512343
-0.513981 -0.53577
-0.472541 -0.556978
-0.431015 -0.57604
-0.389441 -0.593023
-0.347853 -0.60799
-0.306277 -0.620996
-0.264738 -0.632092
-0.223254 -0.641323
-0.181842 -0.648728
-0.140519 -0.654342
-0.0992947 -0.658193
-0.0581817 -0.660304
-0.0171895 -0.660694
0.0236724 -0.659374
0.0643952 -0.656353
0.10497 -0.651632
0.145386 -0.645208
0.185633 -0.637073
0.2257 -0.627213
0.265573 -0.615611
0.305236 -0.602242
0.344669 -0.587078
0.383853 -0.570084
0.422761 -0.551224
0.461365 -0.530452
0.49963 -0.50772
0.537517 -0.482975
0.57498 -0.456159
0.611967 -0.42721
0.648419 -0.39606
0.684266 -0.36264
0.719432 -0.326875
0.753827 -0.288689
0.787351 -0.248003
0.819893 -0.204737
0.851324 -0.158811
0.881504 -0.110145
0.910273 -0.0586627
0.937455 -0.00429374
0.962854 0.0530261
0.986252 0.11335
1.00741 0.176719
1.02607 0.243154
1.04195 0.312656
1.05474 0.385197
1.06411 0.460715
1.06971 0.53911
1.07117 0.620233
1.06811 0.70388
1.06012 0.789786
1.04682 0.877615
1.0278 0.966952
1.00269 1.0573
0.971138 1.14807
0.932828 1.23858
0.887511 1.32805
0.83501 1.41564
0.77524 1.5004
0.708229 1.58132
0.63413 1.65734
0.553237 1.72739
0.465992 1.7904
0.37299 1.84532
0.274978 1.89118
0.172842 1.92715
0.0675941 1.95248
-0.0396551 1.96665
-0.147723 1.9693
-0.255388 1.96029
-0.361429 1.9397
-0.464658 1.90783
-0.563955 1.86518
-0.658301 1.81245
-0.746803 1.75047
-0.82871 1.68023
-0.903431 1.60279
-0.970534 1.51928
-1.02975 1.43083
-1.08096 1.33859
-1.12417 1.24365
-1.15954 1.14702
-1.18731 1.04966
-1.2078 0.952432
-1.2214 0.856076
-1.22856 0.76125
-1.22974 0.668502
-1.22542 0.578289
-1.21608 0.490974
-1.2022 0.40684
-1.18423 0.326097
-1.16261 0.248891
-1.13775 0.175311
-1.11003 0.105403
-1.0798 0.03917
-1.0474 -0.0234129
-1.01311 -0.0823977
-0.977194 -0.137856
-0.939897 -0.189873
-0.901429 -0.238546
-0.86198 -0.283979
-0.821718 -0.326279
-0.780791 -0.365558
-0.73933 -0.401925
-0.697448 -0.435489
-0.655245 -0.466356
-0.612807 -0.494628
-0.570209 -0.520403
-0.527515 -0.543774
-0.484782 -0.564829
-0.442055 -0.58365
-0.399377 -0.600312
-0.35678 -0.614888
-0.314294 -0.62744
-0.271944 -0.638028
-0.22975 -0.646705
-0.18773 -0.653518
-0.145898 -0.658509
-0.104267 -0.661712
-0.0628481 -0.663158
-0.0216504 -0.662873
0.0193168 -0.660874
0.0600453 -0.657177
0.100526 -0.651789
0.140751 -0.644715
0.18071 -0.635953
0.220392 -0.625495
0.259784 -0.61333
0.298873 -0.599441
0.337641 -0.583807
0.376068 -0.5664
0.414131 -0.54719
0.451804 -0.526139
0.489054 -0.503208
0.525846 -0.47835
0.562138 -0.451515
0.597881 -0.422649
0.63302 -0.391694
0.667494 -0.358587
0.701229 -0.323264
0.734146 -0.285655
0.766152 -0.245691
0.797146 -0.203299
0.82701 -0.158406
0.855616 -0.110941
0.882819 -0.0608325
0.908459 -0.00801481
0.932357 0.047573
0.954316 0.105984
0.974119 0.167258
0.991531 0.231424
1.00629 0.29849
1.01812 0.368441
1.02672 0.441234
1.03176 0.516794
1.03291 0.595002
1.02981 0.675694
1.02208 0.758652
1.00936 0.843596
0.991259 0.930173
0.967415 1.01796
0.937475 1.10644
0.901122 1.19503
0.85808 1.28303
0.808137 1.36968
0.75116 1.45411
0.687108 1.53539
0.616056 1.61253
0.538204 1.68449
0.453894 1.75021
0.363612 1.80864
0.267999 1.85877
0.167839 1.89969
0.0640546 1.93056
-0.0423158 1.95071
-0.150139 1.95965
-0.25822 1.95706
-0.365331 1.94287
-0.470256 1.91719
-0.571817 1.88036
-0.668916 1.83293
-0.760562 1.77563
-0.845896 1.70934
-0.924209 1.63507
-0.994954 1.55391
-1.05775 1.46701
-1.11237 1.37552
-1.15876 1.28059
-1.19698 1.18331
-1.22722 1.08472
-1.24977 0.98576
-1.26501 0.887271
-1.27337 0.789998
-1.27532 0.69458
-1.27136 0.601551
-1.262 0.511347
-1.24774 0.424316
-1.22908 0.340719
-1.20649 0.260746
-1.18042 0.184524
-1.15129 0.112124
-1.11949 0.0435705
-1.08538 -0.0211481
-1.04928 -0.0820752
-1.01149 -0.139278
-0.972268 -0.192843
-0.931854 -0.242869
-0.890459 -0.289466
-0.848267 -0.332747
-0.805444 -0.372834
-0.762132 -0.409843
-0.718457 -0.443895
-0.674527 -0.475106
-0.630439 -0.503587
-0.586272 -0.529449
-0.542096 -0.552793
-0.497972 -0.573718
-0.453951 -0.592315
-0.410075 -0.608671
-0.36638 -0.622865
-0.322898 -0.634971
-0.279654 -0.645056
-0.236669 -0.653181
-0.19396 -0.659401
-0.151543 -0.663765
-0.10943 -0.666317
-0.0676315 -0.667093
-0.026156 -0.666125
0.0149879 -0.663439
0.0557926 -0.659057
0.0962506 -0.652993
0.136354 -0.645257
0.176094 -0.635854
0.215462 -0.624784
0.254446 -0.612041
0.293033 -0.597615
0.331208 -0.581491
0.368953 -0.56365
0.406247 -0.544066
0.443067 -0.52271
0.479382 -0.499549
0.51516 -0.474543
0.550363 -0.447652
0.584946 -0.418827
0.618859 -0.388019
0.652044 -0.355173
0.684436 -0.320232
0.715961 -0.283136
0.746535 -0.243822
0.776064 -0.202225
0.804442 -0.158281
0.831551 -0.111924
0.85726 -0.0630901
0.881421 -0.0117182
0.903874 0.0422487
0.924437 0.0988608
0.942916 0.15816
0.959093 0.220174
0.972733 0.28492
0.983581 0.35239
0.991361 0.422558
0.995779 0.495365
0.99652 0.57072
0.993254 0.648491
0.985638 0.728498
0.973317 0.810509
0.955934 0.894228
0.933133 0.979293
0.904572 1.06526
0.869928 1.15163
0.828916 1.23777
0.781298 1.32302
0.7269 1.40659
0.665631 1.48763
0.597495 1.56521
0.522612 1.63836
0.441229 1.70606
0.353731 1.76727
0.260653 1.82097
0.162674 1.86619
0.0606176 1.90203
-0.0445623 1.92773
-0.1518 1.94265
-0.259943 1.94633
-0.367783 1.93851
-0.474092 1.91916
-0.577656 1.88845
-0.677313 1.84675
-0.771986 1.79466
-0.860714 1.73294
-0.942674 1.66251
-1.0172 1.5844
-1.08379 1.49973
-1.14211 1.40967
-1.19199 1.31538
-1.23342 1.21802
-1.26652 1.11869
-1.29153 1.01841
-1.30878 0.918128
-1.3187 0.818671
-1.32176 0.720772
-1.31846 0.625052
-1.30934 0.532029
-1.29493 0.442119
-1.27576 0.355649
-1.25234 0.27286
-1.22517 0.193922
-1.19469 0.11894
-1.16135 0.0479652
-1.12554 -0.0189957
-1.08761 -0.0819735
-1.0479 -0.141028
-1.0067 -0.196244
-0.964271 -0.24772
-0.920847 -0.29557
-0.876635 -0.339916
-0.831817 -0.380883
-0.786553 -0.418601
-0.74098 -0.453199
-0.695219 -0.484802
-0.649374 -0.513536
-0.603533 -0.539518
-0.557772 -0.562864
-0.512157 -0.583682
-0.466741 -0.602074
-0.421572 -0.618136
-0.376687 -0.631958
-0.332118 -0.643623
-0.287893 -0.653206
-0.244032 -0.660778
-0.200553 -0.666402
-0.157472 -0.670135
-0.1148 -0.672027
-0.0725463 -0.672124
-0.0307196 -0.670464
0.0106728 -0.66708
0.0516247 -0.662
0.0921296 -0.655246
0.132181 -0.646833
0.171772 -0.636774
0.210894 -0.625074
0.249539 -0.611735
0.287695 -0.596753
0.325348 -0.580118
0.362483 -0.561818
0.399082 -0.541834
0.435122 -0.520145
0.470578 -0.496722
0.505419 -0.471535
0.539611 -0.444548
0.573114 -0.415723
0.605881 -0.385015
0.637861 -0.352378
0.668992 -0.317762
0.699208 -0.281115
0.728431 -0.242381
0.756577 -0.201504
0.783547 -0.158426
0.809235 -0.113088
0.833521 -0.065432
0.85627 -0.015403
0.877336 0.0370516
0.896554 0.091979
0.913746 0.149419
0.928714 0.209402
0.941245 0.271946
0.951104 0.337053
0.958041 0.404703
0.961785 0.474856
0.962047 0.54744
0.958523 0.622349
0.950895 0.699436
0.93883 0.778508
0.921993 0.859317
0.900044 0.941557
0.872651 1.02485
0.839497 1.10876
0.800289 1.19274
0.754773 1.2762
0.702748 1.35845
0.64408 1.4387
0.578716 1.51613
0.506706 1.5898
0.428213 1.65877
0.34353 1.72202
0.253086 1.77855
0.157459 1.82738
0.0573674 1.86756
-0.046329 1.89825
-0.152645 1.9187
-0.260491 1.92833
-0.368697 1.92674
-0.476044 1.91371
-0.581303 1.88925
-0.683267 1.85357
-0.780788 1.8071
-0.872814 1.75048
-0.958414 1.68449
-1.0368 1.61009
-1.10736 1.52835
-1.16962 1.44039
-1.22331 1.34741
-1.26832 1.25058
-1.30467 1.15106
-1.33255 1.04995
-1.35223 0.948272
-1.36412 0.846955
-1.36867 0.746824
-1.36638 0.648591
-1.35781 0.552862
-1.34352 0.460133
-1.32407 0.370802
-1.30001 0.285171
-1.27187 0.203462
-1.24016 0.12582
-1.20534 0.0523319
-1.16786 -0.0169731
-1.12811 -0.082108
-1.08646 -0.143122
-1.04324 -0.200092
-0.998728 -0.253118
-0.9532 -0.302316
-0.906881 -0.347811
-0.859974 -0.389737
-0.812656 -0.428233
-0.765081 -0.463436
-0.717381 -0.495485
-0.66967 -0.524514
-0.622047 -0.550655
-0.574594 -0.574032
-0.527382 -0.594766
-0.48047 -0.612969
-0.433907 -0.62875
-0.387734 -0.642207
-0.341985 -0.653433
-0.296687 -0.662515
-0.251863 -0.66953
-0.20753 -0.674552
-0.163703 -0.677645
-0.120392 -0.678868
-0.077607 -0.678274
-0.0353547 -0.675908
0.00635918 -0.671812
0.0475294 -0.666018
0.0881512 -0.658557
0.12822 -0.64945
0.16773 -0.638715
0.206675 -0.626366
0.245049 -0.612409
0.282841 -0.596847
0.320041 -0.579678
0.356635 -0.560893
0.392608 -0.540482
0.42794 -0.518429
0.462609 -0.494712
0.496587 -0.469308
0.529843 -0.442187
0.562341 -0.413317
0.59404 -0.382663
0.624891 -0.350183
0.65484 -0.315837
0.683825 -0.279577
0.711776 -0.241357
0.738616 -0.201126
0.764256 -0.158833
0.788597 -0.114427
0.81153 -0.0678559
0.832933 -0.01907
0.852672 0.0319782
0.870597 0.0853324
0.886546 0.14103
0.900338 0.199101
0.911779 0.259565
0.920655 0.322427
0.926737 0.387677
0.929776 0.455284
0.929509 0.525194
0.925654 0.59732
0.917917 0.671543
0.90599 0.747704
0.889556 0.825595
0.868296 0.904956
0.84189 0.985469
0.810028 1.06675
0.772419 1.14834
0.7288 1.2297
0.678949 1.31024
0.6227 1.38925
0.559957 1.46597
0.490708 1.53957
0.415045 1.60913
0.333175 1.67372
0.245434 1.73236
0.152294 1.78407
0.0543732 1.82789
-0.0475709 1.86293
-0.152645 1.88836
-0.259835 1.90351
-0.368028 1.90783
-0.476039 1.90097
-0.582641 1.88275
-0.686604 1.85323
-0.78673 1.81267
-0.88189 1.76155
-0.971055 1.70052
-1.05333 1.63043
-1.12795 1.55226
-1.19436 1.46709
-1.25215 1.37608
-1.30107 1.28042
-1.34107 1.1813
-1.37224 1.0799
-1.39481 0.977288
-1.4091 0.874498
-1.41557 0.772443
-1.4147 0.671931
-1.40705 0.573661
-1.39321 0.478216
-1.37376 0.386071
-1.3493 0.297602
-1.32038 0.213088
-1.28757 0.132727
-1.25139 0.0566434
-1.2123 -0.0151007
-1.17076 -0.0824956
-1.12717 -0.145575
-1.08189 -0.204406
-1.03526 -0.259085
-0.987565 -0.309726
-0.93906 -0.35646
-0.889974 -0.399427
-0.840504 -0.438772
-0.790821 -0.474645
-0.741073 -0.507194
-0.691386 -0.536565
-0.64187 -0.562901
-0.592614 -0.58634
-0.543696 -0.607013
-0.49518 -0.625046
-0.447119 -0.640556
-0.399558 -0.653654
-0.35253 -0.664444
-0.306066 -0.673021
-0.260188 -0.679475
-0.214913 -0.683886
-0.170255 -0.686328
-0.126224 -0.686869
-0.0828288 -0.685569
-0.0400745 -0.682481
0.00203464 -0.677653
0.0434951 -0.671128
0.0843042 -0.662939
0.124459 -0.653116
0.163956 -0.641685
0.202791 -0.628663
0.24096 -0.614064
0.278455 -0.597897
0.315269 -0.580165
0.351389 -0.560868
0.386804 -0.54
0.421496 -0.51755
0.455446 -0.493506
0.488631 -0.467847
0.521022 -0.440553
0.552587 -0.411596
0.583289 -0.380948
0.613085 -0.348575
0.641926 -0.314442
0.669755 -0.278509
0.696509 -0.240736
0.722117 -0.201079
0.746499 -0.159495
0.769564 -0.115937
0.791213 -0.0703605
0.811335 -0.0227212
0.829807 0.0270236
0.846494 0.0789132
0.861246 0.132982
0.8739 0.189259
0.884278 0.247763
0.892185 0.308503
0.897411 0.371473
0.89973 0.436652
0.898898 0.503995
0.894659 0.573434
0.886739 0.644872
0.874853 0.718176
0.858705 0.793173
0.837995 0.869643
0.812418 0.947315
0.781676 1.02586
0.745482 1.10488
0.70357 1.18392
0.655706 1.26243
0.601701 1.33981
0.541424 1.41537
0.474814 1.48835
0.401902 1.55791
0.322819 1.62318
0.237815 1.68322
0.147266 1.73709
0.0516881 1.78383
-0.0482635 1.82253
-0.151794 1.85233
-0.257978 1.87245
-0.365776 1.88225
-0.474053 1.88124
-0.58161 1.86911
-0.687215 1.84574
-0.78964 1.81123
-0.887697 1.76589
-0.980275 1.71023
-1.06637 1.64495
-1.14512 1.57093
-1.21581 1.48917
-1.27792 1.40079
-1.33107 1.30696
-1.3751 1.20888
-1.40999 1.10775
-1.43589 1.00473
-1.45307 0.90091
-1.46192 0.7973
-1.46292 0.694803
-1.45662 0.594209
-1.44361 0.496197
-1.4245 0.40133
-1.39992 0.310059
-1.37048 0.222734
-1.33677 0.139613
-1.29935 0.0608671
-1.25877 -0.0134016
-1.2155 -0.0831542
-1.17 -0.148403
-1.12267 -0.209201
-1.07389 -0.265637
-1.02397 -0.317822
-0.973215 -0.365888
-0.921867 -0.409981
-0.87015 -0.450253
-0.818258 -0.486863
-0.766354 -0.51997
-0.714581 -0.549732
-0.663057 -0.576305
-0.611885 -0.599837
-0.561149 -0.620474
-0.510919 -0.638352
-0.461252 -0.653603
-0.412196 -0.666348
-0.363789 -0.676702
-0.31606 -0.684771
-0.269032 -0.690655
-0.222724 -0.694444
-0.177148 -0.696222
-0.132313 -0.696064
-0.088227 -0.694039
-0.0448927 -0.69021
-0.00231296 -0.68463
0.0395108 -0.677349
0.0805779 -0.668409
0.120888 -0.657847
0.160439 -0.645693
0.199231 -0.631972
0.237261 -0.616704
0.274525 -0.599903
0.311016 -0.58158
0.346728 -0.56174
0.381649 -0.540382
0.415766 -0.517502
0.449063 -0.493093
0.48152 -0.467142
0.513113 -0.439633
0.543814 -0.410546
0.573589 -0.379857
0.602399 -0.34754
0.630202 -0.313565
0.656945 -0.277899
0.682572 -0.240509
0.707019 -0.201357
0.730212 -0.160406
0.752069 -0.117615
0.7725 -0.0729459
0.791404 -0.0263597
0.808669 0.0221813
0.824172 0.0727122
0.837776 0.125264
0.849332 0.179863
0.858678 0.236527
0.865636 0.295267
0.870015 0.35608
0.871607 0.41895
0.870191 0.483843
0.865528 0.550703
0.857367 0.61945
0.845445 0.689974
0.829488 0.762129
0.809211 0.83573
0.784329 0.910547
0.754556 0.986296
0.719613 1.06264
0.679236 1.13917
0.633186 1.21543
0.581257 1.29087
0.523291 1.36488
0.459192 1.43677
0.388937 1.5058
0.312593 1.57114
0.230332 1.63194
0.142445 1.68727
0.0493489 1.73623
-0.0484019 1.77788
-0.150114 1.81136
-0.25496 1.83584
-0.361983 1.85058
-0.470119 1.85501
-0.578216 1.84866
-0.685061 1.83129
-0.789419 1.80281
-0.890066 1.76339
-0.985826 1.71337
-1.07561 1.6533
-1.15843 1.58393
-1.23348 1.50616
-1.30007 1.42103
-1.35771 1.32966
-1.40611 1.23325
-1.44514 1.133
-1.47482 1.03013
-1.49537 0.925778
-1.50711 0.821039
-1.51047 0.716904
-1.50599 0.614261
-1.49425 0.513884
-1.47589 0.416427
-1.45154 0.32243
-1.42187 0.23232
-1.38751 0.146421
-1.34907 0.0649649
-1.30714 -0.0119017
-1.26225 -0.0841022
-1.2149 -0.151621
-1.16555 -0.214492
-1.11461 -0.27279
-1.06244 -0.326622
-1.00938 -0.376119
-0.955694 -0.421428
-0.901645 -0.462708
-0.847446 -0.500127
-0.793281 -0.533855
-0.73931 -0.56406
-0.685666 -0.590911
-0.632461 -0.614572
-0.579791 -0.635198
-0.527732 -0.65294
-0.476348 -0.667943
-0.425689 -0.680339
-0.375795 -0.690256
-0.326699 -0.697812
-0.278424 -0.703117
-0.230988 -0.706271
-0.184403 -0.707367
-0.138678 -0.706492
-0.0938171 -0.703722
-0.0498227 -0.699127
-0.00669541 -0.692771
0.0355658 -0.684709
0.0769627 -0.674991
0.117497 -0.663661
0.157171 -0.650755
0.195986 -0.636305
0.233941 -0.620337
0.271037 -0.602872
0.30727 -0.583926
0.342634 -0.563508
0.377124 -0.541626
0.410729 -0.51828
0.443437 -0.493469
0.47523 -0.467186
0.506088 -0.43942
0.535988 -0.410157
0.5649 -0.37938
0.592791 -0.347067
0.619621 -0.313196
0.645345 -0.277739
0.669912 -0.240669
0.693263 -0.201954
0.715333 -0.161562
0.736047 -0.119459
0.755324 -0.0756131
0.77307 -0.0299894
0.789186 0.0174443
0.803557 0.0667188
0.816061 0.117861
0.826561 0.170896
0.83491 0.225838
0.840945 0.282699
0.844491 0.341478
0.845359 0.402163
0.843345 0.464726
0.838232 0.529123
0.829789 0.595285
0.817771 0.663122
0.801924 0.73251
0.781985 0.803293
0.757683 0.875273
0.728748 0.94821
0.694911 1.02181
0.655914 1.09573
0.611517 1.16955
0.561504 1.24281
0.505701 1.31496
0.44398 1.38539
0.376277 1.45343
0.302606 1.51832
0.223073 1.57927
0.137887 1.63543
0.0473773 1.68591
-0.0479988 1.72983
-0.14765 1.76629
-0.250848 1.79445
-0.356732 1.81354
-0.46432 1.82287
-0.572523 1.8219
-0.680173 1.81022
-0.786049 1.78764
-0.888912 1.75413
-0.987545 1.70988
-1.08079 1.65529
-1.16756 1.59096
-1.24693 1.51767
-1.31809 1.43634
-1.38042 1.34803
-1.43348 1.25391
-1.477 1.15516
-1.51092 1.05302
-1.53532 0.948673
-1.55046 0.843278
-1.55671 0.737909
-1.55456 0.633545
-1.54459 0.531055
-1.52743 0.431192
-1.50374 0.334586
-1.47421 0.241751
-1.43951 0.153087
-1.4003 0.0688927
-1.35722 -0.0106296
-1.31086 -0.085358
-1.26177 -0.155242
-1.21046 -0.220289
-1.15739 -0.280557
-1.10297 -0.336143
-1.04756 -0.387171
-0.991482 -0.433791
-0.935025 -0.476166
-0.878429 -0.514471
-0.821903 -0.548886
-0.765625 -0.579592
-0.709747 -0.606769
-0.654395 -0.630594
-0.599674 -0.651238
-0.545669 -0.668864
-0.492451 -0.68363
-0.440076 -0.695683
-0.388587 -0.705162
-0.338018 -0.712197
-0.288393 -0.716911
-0.239731 -0.719414
-0.192043 -0.719811
-0.145337 -0.718196
-0.099615 -0.714656
-0.0548783 -0.70927
-0.0111245 -0.702109
0.0316499 -0.693237
0.0734493 -0.682711
0.114279 -0.670581
0.154143 -0.656891
0.193046 -0.641679
0.230992 -0.624978
0.267982 -0.606814
0.304018 -0.587208
0.339097 -0.566178
0.373216 -0.543734
0.40637 -0.519884
0.438547 -0.494631
0.469736 -0.467974
0.499921 -0.439907
0.52908 -0.410423
0.557191 -0.379509
0.584224 -0.34715
0.610143 -0.313328
0.63491 -0.278022
0.658479 -0.241209
0.680797 -0.202864
0.701806 -0.16296
0.721438 -0.12147
0.739619 -0.0783642
0.756267 -0.0336154
0.771287 0.0128044
0.78458 0.0609217
0.796031 0.11076
0.805517 0.16234
0.812904 0.215676
0.818044 0.270777
0.820776 0.327645
0.820928 0.386268
0.818313 0.446625
0.812733 0.508678
0.803975 0.572371
0.791814 0.637625
0.776014 0.704338
0.756331 0.772374
0.732512 0.841567
0.704301 0.911709
0.671443 0.982549
0.633687 1.05378
0.590796 1.12506
0.542551 1.19596
0.488765 1.26602
0.42929 1.33468
0.364028 1.40134
0.292951 1.46534
0.216105 1.52592
0.133633 1.58232
0.0457824 1.63369
-0.0470807 1.67919
-0.144462 1.71795
-0.245735 1.74912
-0.350139 1.7719
-0.456782 1.78554
-0.564656 1.78943
-0.672653 1.78306
-0.779591 1.76608
-0.88424 1.73833
-0.985364 1.69985
-1.08175 1.65088
-1.17225 1.59185
-1.25583 1.52341
-1.33155 1.44636
-1.39866 1.36167
-1.45659 1.27042
-1.50493 1.17377
-1.54347 1.07295
-1.5722 0.969167
-1.59125 0.863628
-1.60093 0.757475
-1.60168 0.651769
-1.59402 0.547473
-1.57857 0.445435
-1.55601 0.346382
-1.52704 0.250921
-1.49238 0.159536
-1.45272 0.0726013
-1.40876 -0.00961582
-1.36114 -0.0869394
-1.31046 -0.159275
-1.2573 -0.226599
-1.20216 -0.288944
-1.1455 -0.346391
-1.08774 -0.399057
-1.02924 -0.447089
-0.970313 -0.490651
-0.911242 -0.529926
-0.852262 -0.565101
-0.793575 -0.596369
-0.735352 -0.623924
-0.677736 -0.647954
-0.620845 -0.668646
-0.564776 -0.686178
-0.509607 -0.70072
-0.455399 -0.712435
-0.402201 -0.721475
-0.350048 -0.727983
-0.298967 -0.732092
-0.248977 -0.733927
-0.200089 -0.733603
-0.152309 -0.731224
-0.105637 -0.726887
-0.060073 -0.72068
-0.0156116 -0.712683
0.0277534 -0.702968
0.0700295 -0.691599
0.111225 -0.678635
0.151347 -0.664125
0.190405 -0.648116
0.228405 -0.630644
0.265352 -0.611743
0.301252 -0.59144
0.336105 -0.569757
0.369913 -0.546712
0.402672 -0.522316
0.434377 -0.496579
0.465019 -0.469505
0.494587 -0.441093
0.523065 -0.411341
0.550432 -0.380241
0.576664 -0.347784
0.601731 -0.313956
0.625599 -0.278742
0.648228 -0.242125
0.669572 -0.204085
0.689577 -0.164599
0.708184 -0.123646
0.725327 -0.0812019
0.740929 -0.0372433
0.754908 0.00825298
0.767171 0.0553089
0.777615 0.103944
0.786129 0.154176
0.79259 0.206018
0.796863 0.259477
0.798802 0.314552
0.798251 0.371237
0.795037 0.429512
0.78898 0.489345
0.779884 0.550688
0.767543 0.613474
0.751739 0.677614
0.732245 0.742995
0.708826 0.809471
0.681241 0.876864
0.649249 0.944958
0.612609 1.01349
0.571091 1.08215
0.524475 1.15059
0.472569 1.21837
0.415208 1.28502
0.352273 1.35001
0.283698 1.41272
0.209484 1.4725
0.129713 1.52862
0.0445619 1.58031
-0.0456851 1.62677
-0.140626 1.66717
-0.239733 1.70068
-0.342344 1.72648
-0.447668 1.74381
-0.554786 1.75198
-0.662667 1.75041
-0.770185 1.73864
-0.876145 1.71639
-0.979314 1.68355
-1.07846 1.64019
-1.17237 1.5866
-1.25992 1.52327
-1.3401 1.45087
-1.412 1.37025
-1.47492 1.2824
-1.52831 1.18842
-1.57181 1.0895
-1.60528 0.98685
-1.62875 0.881704
-1.6424 0.775252
-1.6466 0.668629
-1.64182 0.56288
-1.62866 0.458947
-1.60777 0.357657
-1.57986 0.259711
-1.54567 0.165685
-1.50595 0.0760365
-1.46144 -0.00889222
-1.41282 -0.0888625
-1.36077 -0.163728
-1.30591 -0.233424
-1.2488 -0.297952
-1.18998 -0.357371
-1.12989 -0.411785
-1.06894 -0.461334
-1.00751 -0.506183
-0.945904 -0.546517
-0.884389 -0.582532
-0.823197 -0.614431
-0.762524 -0.642419
-0.702531 -0.666701
-0.643353 -0.687477
-0.5851 -0.704939
-0.527859 -0.719273
-0.471699 -0.730656
-0.416675 -0.739255
-0.362825 -0.745227
-0.310179 -0.748719
-0.258755 -0.749867
-0.208565 -0.748798
-0.159613 -0.745628
-0.1119 -0.740464
-0.0654205 -0.733403
-0.020168 -0.724535
0.0238671 -0.713941
0.0666956 -0.701692
0.108329 -0.687855
0.148779 -0.672487
0.188058 -0.655639
0.226175 -0.637356
0.263142 -0.617677
0.298965 -0.596635
0.33365 -0.574258
0.367203 -0.550568
0.399624 -0.525584
0.430913 -0.499319
0.461064 -0.471782
0.49007 -0.442978
0.517919 -0.412909
0.544597 -0.381572
0.570082 -0.348964
0.594352 -0.315076
0.617375 -0.279897
0.639119 -0.243415
0.659542 -0.205614
0.678598 -0.166479
0.696234 -0.12599
0.71239 -0.08413
0.726998 -0.0408793
0.739984 0.00378069
0.751264 0.0498679
0.760746 0.0973986
0.768328 0.146387
0.773898 0.196842
0.777334 0.248771
0.778503 0.302173
0.777263 0.357041
0.773456 0.413357
0.766918 0.471094
0.757468 0.530209
0.744918 0.590645
0.729068 0.652326
0.709707 0.715152
0.686617 0.778999
0.659573 0.843712
0.628348 0.909103
0.592713 0.974947
0.552446 1.04097
0.507331 1.10687
0.457173 1.17226
0.4018 1.23673
0.341073 1.29981
0.274901 1.36094
0.203247 1.41954
0.126143 1.47494
0.0437051 1.52645
-0.0438571 1.57331
-0.136225 1.61474
-0.232963 1.64994
-0.333509 1.67811
-0.43717 1.69847
-0.543126 1.71031
-0.650434 1.71299
-0.758041 1.70596
-0.864806 1.68883
-0.969524 1.66135
-1.07096 1.62348
-1.16788 1.57533
-1.2591 1.51725
-1.3435 1.44976
-1.42009 1.37358
-1.48801 1.28958
-1.54658 1.19878
-1.59531 1.1023
-1.63389 1.00135
-1.66221 0.897139
-1.68035 0.7909
-1.68857 0.683818
-1.68727 0.577013
-1.67698 0.471513
-1.65834 0.36824
-1.63204 0.267992
-1.59885 0.171443
-1.55952 0.0791406
-1.51485 -0.00849116
-1.46557 -0.0911408
-1.41242 -0.168601
-1.35607 -0.240756
-1.29717 -0.30757
-1.23627 -0.369073
-1.17391 -0.425349
-1.11055 -0.476528
-1.0466 -0.52277
-0.982414 -0.564261
-0.918299 -0.601203
-0.854519 -0.633809
-0.791297 -0.662296
-0.72882 -0.686881
-0.66724 -0.70778
-0.606683 -0.7252
-0.547249 -0.739345
-0.489017 -0.750405
-0.432047 -0.758564
-0.376383 -0.763993
-0.322057 -0.766853
-0.269091 -0.767294
-0.217494 -0.765455
-0.167271 -0.761465
-0.11842 -0.755441
-0.0832728 -0.749759
