0 -0.970004 0.243088 0.970004 -0.243088 0 0
0.01 -0.965281 0.247396 0.974606 -0.238749 -0.00932462 -0.00864663
0.01421 -0.963256 0.2492 0.976507 -0.236914 -0.0132511 -0.0122859
0.01842 -0.961209 0.250998 0.978388 -0.235074 -0.0171783 -0.0159241
0.02263 -0.959141 0.25279 0.980247 -0.233229 -0.0211067 -0.0195609
0.02684 -0.957049 0.254576 0.982086 -0.23138 -0.0250363 -0.0231961
0.03105 -0.954936 0.256355 0.983904 -0.229526 -0.0289675 -0.0268294
0.03526 -0.9528 0.258128 0.985701 -0.227668 -0.0329005 -0.0304604
0.03947 -0.950642 0.259894 0.987478 -0.225805 -0.0368355 -0.0340888
0.04368 -0.948461 0.261653 0.989234 -0.223939 -0.0407728 -0.0377143
0.04789 -0.946258 0.263405 0.99097 -0.222069 -0.0447126 -0.0413366
0.0521 -0.944031 0.26515 0.992686 -0.220194 -0.0486551 -0.0449554
0.05631 -0.941782 0.266887 0.994383 -0.218316 -0.0526006 -0.0485704
0.06052 -0.93951 0.268616 0.996059 -0.216435 -0.0565493 -0.0521812
0.06473 -0.937214 0.270337 0.997715 -0.21455 -0.0605015 -0.0557876
0.06894 -0.934895 0.27205 0.999352 -0.212661 -0.0644573 -0.0593892
0.07315 -0.932553 0.273755 1.00097 -0.21077 -0.0684171 -0.0629858
0.07736 -0.930187 0.275452 1.00257 -0.208875 -0.0723809 -0.0665769
0.08157 -0.927797 0.277139 1.00415 -0.206977 -0.0763492 -0.0701623
0.08578 -0.925384 0.278818 1.00571 -0.205076 -0.080322 -0.0737417
0.08999 -0.922947 0.280487 1.00725 -0.203172 -0.0842996 -0.0773147
0.0942 -0.920486 0.282147 1.00877 -0.201266 -0.0882823 -0.0808811
0.09841 -0.918 0.283797 1.01027 -0.199356 -0.0922702 -0.0844404
0.10262 -0.915491 0.285437 1.01175 -0.197445 -0.0962636 -0.0879924
0.10683 -0.912958 0.287067 1.01322 -0.19553 -0.100263 -0.0915367
0.11104 -0.9104 0.288687 1.01467 -0.193614 -0.104267 -0.0950731
0.11525 -0.907817 0.290296 1.0161 -0.191694 -0.108278 -0.0986011
0.11946 -0.90521 0.291894 1.01751 -0.189773 -0.112296 -0.10212
0.12367 -0.902579 0.293481 1.0189 -0.18785 -0.11632 -0.105631
0.12788 -0.899923 0.295056 1.02027 -0.185924 -0.12035 -0.109132
0.13209 -0.897242 0.29662 1.02163 -0.183997 -0.124387 -0.112623
0.1363 -0.894536 0.298172 1.02297 -0.182067 -0.128432 -0.116105
0.14051 -0.891805 0.299711 1.02429 -0.180136 -0.132483 -0.119576
0.14472 -0.889049 0.301239 1.02559 -0.178203 -0.136542 -0.123036
0.14893 -0.886268 0.302753 1.02688 -0.176268 -0.140609 -0.126485
0.15314 -0.883462 0.304254 1.02815 -0.174331 -0.144683 -0.129923
0.15735 -0.880631 0.305742 1.0294 -0.172393 -0.148766 -0.133349
0.16156 -0.877774 0.307217 1.03063 -0.170454 -0.152856 -0.136763
0.16577 -0.874892 0.308677 1.03185 -0.168512 -0.156955 -0.140165
0.16998 -0.871985 0.310123 1.03305 -0.16657 -0.161062 -0.143553
0.17419 -0.869052 0.311555 1.03423 -0.164626 -0.165178 -0.146929
0.1784 -0.866093 0.312972 1.0354 -0.162681 -0.169303 -0.150291
0.18261 -0.863109 0.314374 1.03655 -0.160734 -0.173436 -0.153639
0.18682 -0.8601 0.31576 1.03768 -0.158787 -0.177579 -0.156973
0.19103 -0.857065 0.317131 1.03879 -0.156838 -0.18173 -0.160292
0.19524 -0.854004 0.318485 1.03989 -0.154888 -0.185891 -0.163597
0.19945 -0.850917 0.319823 1.04098 -0.152937 -0.190061 -0.166886
0.20366 -0.847805 0.321144 1.04205 -0.150985 -0.194241 -0.170159
0.20787 -0.844667 0.322449 1.0431 -0.149032 -0.19843 -0.173416
0.21208 -0.841503 0.323735 1.04413 -0.147079 -0.202629 -0.176657
0.21629 -0.838314 0.325005 1.04515 -0.145124 -0.206838 -0.17988
0.2205 -0.835099 0.326256 1.04616 -0.143169 -0.211056 -0.183087
0.22471 -0.831858 0.327488 1.04714 -0.141212 -0.215285 -0.186276
0.22892 -0.828591 0.328702 1.04811 -0.139255 -0.219524 -0.189447
0.23313 -0.825299 0.329897 1.04907 -0.137298 -0.223773 -0.192599
0.23734 -0.821981 0.331072 1.05001 -0.135339 -0.228031 -0.195733
0.24155 -0.818637 0.332228 1.05094 -0.13338 -0.232301 -0.198847
0.24576 -0.815268 0.333363 1.05185 -0.131421 -0.23658 -0.201942
0.24997 -0.811873 0.334478 1.05274 -0.129461 -0.24087 -0.205017
0.25418 -0.808452 0.335572 1.05362 -0.1275 -0.24517 -0.208072
0.25839 -0.805006 0.336644 1.05449 -0.125539 -0.24948 -0.211106
0.2626 -0.801535 0.337695 1.05534 -0.123577 -0.253801 -0.214119
0.26681 -0.798038 0.338725 1.05617 -0.121615 -0.258132 -0.21711
0.27102 -0.794516 0.339731 1.05699 -0.119652 -0.262474 -0.220079
0.27523 -0.790969 0.340715 1.0578 -0.117689 -0.266826 -0.223026
0.27944 -0.787397 0.341676 1.05859 -0.115725 -0.271188 -0.225951
0.28365 -0.7838 0.342614 1.05936 -0.113762 -0.275561 -0.228852
0.28786 -0.780178 0.343527 1.06012 -0.111798 -0.279944 -0.23173
0.29207 -0.77653 0.344417 1.06087 -0.109833 -0.284337 -0.234584
0.29628 -0.772859 0.345282 1.0616 -0.107869 -0.28874 -0.237413
0.30049 -0.769163 0.346122 1.06232 -0.105904 -0.293154 -0.240218
0.3047 -0.765442 0.346936 1.06302 -0.103938 -0.297578 -0.242998
0.30891 -0.761697 0.347725 1.06371 -0.101973 -0.302011 -0.245753
0.31312 -0.757928 0.348488 1.06438 -0.100007 -0.306455 -0.248481
0.31733 -0.754135 0.349225 1.06504 -0.0980413 -0.310908 -0.251183
0.32154 -0.750318 0.349934 1.06569 -0.0960752 -0.315371 -0.253859
0.32575 -0.746478 0.350617 1.06632 -0.094109 -0.319844 -0.256508
0.32996 -0.742614 0.351272 1.06694 -0.0921426 -0.324326 -0.259129
0.33417 -0.738726 0.351899 1.06754 -0.0901761 -0.328818 -0.261723
0.33838 -0.734816 0.352497 1.06813 -0.0882095 -0.333318 -0.264288
0.34259 -0.730883 0.353067 1.06871 -0.0862427 -0.337828 -0.266825
0.3468 -0.726927 0.353609 1.06927 -0.0842759 -0.342347 -0.269333
0.35101 -0.722949 0.35412 1.06982 -0.0823089 -0.346874 -0.271811
0.35522 -0.718949 0.354602 1.07036 -0.0803419 -0.35141 -0.27426
0.35943 -0.714927 0.355054 1.07088 -0.0783748 -0.355954 -0.276679
0.36364 -0.710883 0.355475 1.07139 -0.0764076 -0.360506 -0.279068
0.36785 -0.706818 0.355866 1.07188 -0.0744404 -0.365066 -0.281426
0.37206 -0.702731 0.356226 1.07237 -0.0724731 -0.369634 -0.283753
0.37627 -0.698624 0.356554 1.07283 -0.0705058 -0.37421 -0.286048
0.38048 -0.694496 0.35685 1.07329 -0.0685385 -0.378792 -0.288312
0.38469 -0.690347 0.357114 1.07373 -0.0665711 -0.383382 -0.290543
0.3889 -0.686179 0.357346 1.07416 -0.0646037 -0.387978 -0.292743
0.39311 -0.681991 0.357545 1.07457 -0.0626363 -0.392581 -0.294909
0.39732 -0.677784 0.357711 1.07497 -0.0606689 -0.39719 -0.297042
0.40153 -0.673557 0.357844 1.07536 -0.0587015 -0.401804 -0.299142
0.40574 -0.669312 0.357943 1.07574 -0.0567341 -0.406425 -0.301209
0.40995 -0.665048 0.358008 1.0761 -0.0547667 -0.41105 -0.303241
0.41416 -0.660767 0.358038 1.07645 -0.0527993 -0.415681 -0.305239
0.41837 -0.656467 0.358035 1.07678 -0.050832 -0.420316 -0.307203
0.42258 -0.65215 0.357996 1.07711 -0.0488646 -0.424956 -0.309131
0.42679 -0.647817 0.357922 1.07742 -0.0468972 -0.429599 -0.311025
0.431 -0.643466 0.357813 1.07771 -0.0449299 -0.434247 -0.312883
0.43521 -0.6391 0.357669 1.078 -0.0429626 -0.438897 -0.314706
0.43942 -0.634718 0.357488 1.07827 -0.0409953 -0.443551 -0.316493
0.44363 -0.63032 0.357272 1.07853 -0.039028 -0.448207 -0.318244
0.44784 -0.625907 0.357019 1.07877 -0.0370608 -0.452865 -0.319958
0.45205 -0.62148 0.35673 1.079 -0.0350936 -0.457525 -0.321636
0.45626 -0.617038 0.356404 1.07922 -0.0331264 -0.462186 -0.323278
0.46047 -0.612583 0.356041 1.07943 -0.0311592 -0.466849 -0.324882
0.46468 -0.608114 0.355642 1.07963 -0.029192 -0.471512 -0.32645
0.46889 -0.603632 0.355205 1.07981 -0.0272249 -0.476175 -0.32798
0.4731 -0.599138 0.35473 1.07998 -0.0252578 -0.480838 -0.329473
0.47731 -0.594631 0.354218 1.08013 -0.0232907 -0.485501 -0.330928
0.48152 -0.590113 0.353669 1.08028 -0.0213236 -0.490162 -0.332345
0.48573 -0.585584 0.353081 1.08041 -0.0193566 -0.494822 -0.333725
0.48994 -0.581044 0.352456 1.08052 -0.0173895 -0.49948 -0.335066
0.49415 -0.576493 0.351793 1.08063 -0.0154225 -0.504136 -0.33637
0.49836 -0.571933 0.351091 1.08072 -0.0134555 -0.508789 -0.337635
0.50257 -0.567363 0.350351 1.0808 -0.0114885 -0.513438 -0.338863
0.50678 -0.562785 0.349573 1.08087 -0.00952153 -0.518084 -0.340052
0.51099 -0.558198 0.348757 1.08092 -0.00755456 -0.522726 -0.341202
0.5152 -0.553602 0.347902 1.08097 -0.0055876 -0.527364 -0.342314
0.51941 -0.549 0.347008 1.081 -0.00362064 -0.531996 -0.343388
0.52362 -0.54439 0.346077 1.08101 -0.00165369 -0.536623 -0.344423
0.52783 -0.539773 0.345106 1.08102 0.000313266 -0.541244 -0.345419
0.53204 -0.53515 0.344097 1.08101 0.00228022 -0.545859 -0.346378
0.53625 -0.530521 0.34305 1.08099 0.00424717 -0.550466 -0.347297
0.54046 -0.525887 0.341964 1.08095 0.00621413 -0.555067 -0.348178
0.54467 -0.521248 0.34084 1.08091 0.0081811 -0.55966 -0.349021
0.54888 -0.516605 0.339677 1.08085 0.0101481 -0.564244 -0.349825
0.55309 -0.511958 0.338476 1.08078 0.0121151 -0.56882 -0.350591
0.5573 -0.507307 0.337237 1.08069 0.0140821 -0.573387 -0.351319
0.56151 -0.502653 0.335959 1.0806 0.0160491 -0.577944 -0.352008
0.56572 -0.497997 0.334643 1.08049 0.0180161 -0.582491 -0.352659
0.56993 -0.493338 0.333289 1.08037 0.0199831 -0.587028 -0.353273
0.57414 -0.488677 0.331898 1.08023 0.0219502 -0.591554 -0.353848
0.57835 -0.484016 0.330468 1.08008 0.0239173 -0.596068 -0.354386
0.58256 -0.479353 0.329001 1.07992 0.0258844 -0.600571 -0.354886
0.58677 -0.47469 0.327496 1.07975 0.0278515 -0.605061 -0.355348
0.59098 -0.470026 0.325954 1.07957 0.0298186 -0.609539 -0.355773
0.59519 -0.465364 0.324375 1.07937 0.0317858 -0.614003 -0.356161
0.5994 -0.460701 0.322759 1.07916 0.033753 -0.618454 -0.356512
0.60361 -0.45604 0.321106 1.07893 0.0357202 -0.622892 -0.356826
0.60782 -0.451381 0.319416 1.0787 0.0376874 -0.627314 -0.357104
0.61203 -0.446723 0.31769 1.07845 0.0396547 -0.631722 -0.357345
0.61624 -0.442068 0.315928 1.07818 0.0416219 -0.636115 -0.35755
0.62045 -0.437416 0.314129 1.07791 0.0435892 -0.640493 -0.357719
0.62466 -0.432766 0.312295 1.07762 0.0455566 -0.644854 -0.357852
0.62887 -0.42812 0.310426 1.07732 0.0475239 -0.649199 -0.35795
0.63308 -0.423478 0.308521 1.077 0.0494913 -0.653527 -0.358012
0.63729 -0.418839 0.306581 1.07668 0.0514586 -0.657839 -0.35804
0.6415 -0.414206 0.304606 1.07634 0.053426 -0.662132 -0.358032
0.64571 -0.409576 0.302597 1.07598 0.0553934 -0.666408 -0.357991
0.64992 -0.404952 0.300554 1.07562 0.0573608 -0.670666 -0.357915
0.65413 -0.400334 0.298477 1.07524 0.0593282 -0.674905 -0.357805
0.65834 -0.395721 0.296366 1.07485 0.0612956 -0.679126 -0.357662
0.66255 -0.391114 0.294222 1.07444 0.063263 -0.683327 -0.357485
0.66676 -0.386513 0.292046 1.07402 0.0652304 -0.687509 -0.357276
0.67097 -0.381919 0.289836 1.07359 0.0671978 -0.691671 -0.357034
0.67518 -0.377332 0.287594 1.07314 0.0691651 -0.695813 -0.356759
0.67939 -0.372752 0.28532 1.07269 0.0711325 -0.699934 -0.356453
0.6836 -0.368179 0.283015 1.07221 0.0730997 -0.704035 -0.356115
0.68781 -0.363613 0.280678 1.07173 0.075067 -0.708115 -0.355745
0.69202 -0.359055 0.27831 1.07123 0.0770342 -0.712173 -0.355345
0.69623 -0.354506 0.275912 1.07072 0.0790014 -0.71621 -0.354913
0.70044 -0.349964 0.273483 1.07019 0.0809684 -0.720226 -0.354452
0.70465 -0.345431 0.271025 1.06965 0.0829354 -0.724219 -0.35396
0.70886 -0.340907 0.268537 1.0691 0.0849024 -0.72819 -0.353439
0.71307 -0.336391 0.26602 1.06853 0.0868692 -0.732138 -0.352889
0.71728 -0.331884 0.263474 1.06795 0.0888359 -0.736064 -0.35231
0.72149 -0.327386 0.2609 1.06735 0.0908025 -0.739967 -0.351702
0.7257 -0.322898 0.258297 1.06674 0.092769 -0.743847 -0.351066
0.72991 -0.318418 0.255667 1.06612 0.0947353 -0.747703 -0.350402
0.73412 -0.313949 0.25301 1.06549 0.0967015 -0.751536 -0.349711
0.73833 -0.309489 0.250326 1.06483 0.0986675 -0.755346 -0.348993
0.74254 -0.305038 0.247615 1.06417 0.100633 -0.759131 -0.348248
0.74675 -0.300598 0.244878 1.06349 0.102599 -0.762892 -0.347477
0.75096 -0.296168 0.242115 1.0628 0.104564 -0.76663 -0.34668
0.75517 -0.291747 0.239328 1.06209 0.106529 -0.770343 -0.345857
0.75938 -0.287337 0.236515 1.06137 0.108494 -0.774031 -0.345009
0.76359 -0.282937 0.233677 1.06063 0.110459 -0.777695 -0.344136
0.7678 -0.278547 0.230816 1.05988 0.112423 -0.781334 -0.343239
0.77201 -0.274167 0.22793 1.05912 0.114387 -0.784948 -0.342318
0.77622 -0.269798 0.225022 1.05834 0.116351 -0.788538 -0.341373
0.78043 -0.265439 0.22209 1.05754 0.118314 -0.792102 -0.340404
0.78464 -0.26109 0.219136 1.05673 0.120277 -0.795641 -0.339413
0.78885 -0.256752 0.21616 1.05591 0.12224 -0.799155 -0.338399
0.79306 -0.252424 0.213161 1.05507 0.124202 -0.802644 -0.337363
0.79727 -0.248106 0.210142 1.05421 0.126163 -0.806107 -0.336305
0.80148 -0.243799 0.207101 1.05334 0.128124 -0.809545 -0.335226
0.80569 -0.239502 0.20404 1.05246 0.130085 -0.812957 -0.334125
0.8099 -0.235216 0.200959 1.05156 0.132045 -0.816344 -0.333004
0.81411 -0.23094 0.197857 1.05064 0.134004 -0.819705 -0.331862
0.81832 -0.226674 0.194737 1.04971 0.135963 -0.82304 -0.3307
0.82253 -0.222418 0.191597 1.04877 0.137921 -0.82635 -0.329518
0.82674 -0.218173 0.188439 1.04781 0.139879 -0.829634 -0.328317
0.83095 -0.213937 0.185262 1.04683 0.141836 -0.832893 -0.327098
0.83516 -0.209712 0.182067 1.04584 0.143792 -0.836126 -0.325859
0.83937 -0.205496 0.178855 1.04483 0.145747 -0.839333 -0.324602
0.84358 -0.20129 0.175626 1.0438 0.147701 -0.842514 -0.323327
0.84779 -0.197095 0.17238 1.04276 0.149655 -0.845669 -0.322035
0.852 -0.192908 0.169118 1.04171 0.151607 -0.848799 -0.320725
0.85621 -0.188732 0.16584 1.04063 0.153559 -0.851903 -0.319399
0.86042 -0.184565 0.162546 1.03955 0.155509 -0.854982 -0.318055
0.86463 -0.180407 0.159237 1.03844 0.157459 -0.858034 -0.316696
0.86884 -0.176258 0.155913 1.03732 0.159407 -0.861061 -0.31532
0.87305 -0.172119 0.152574 1.03618 0.161355 -0.864063 -0.313929
0.87726 -0.167988 0.149222 1.03503 0.163301 -0.867038 -0.312522
0.88147 -0.163866 0.145855 1.03385 0.165245 -0.869989 -0.311101
0.88568 -0.159753 0.142475 1.03267 0.167189 -0.872914 -0.309664
0.88989 -0.155649 0.139083 1.03146 0.169131 -0.875813 -0.308213
0.8941 -0.151553 0.135677 1.03024 0.171072 -0.878687 -0.306749
0.89831 -0.147465 0.132259 1.029 0.173011 -0.881535 -0.30527
0.90252 -0.143385 0.128829 1.02774 0.174948 -0.884359 -0.303777
0.90673 -0.139313 0.125388 1.02647 0.176884 -0.887157 -0.302272
0.91094 -0.135249 0.121935 1.02518 0.178819 -0.88993 -0.300753
0.91515 -0.131192 0.118471 1.02387 0.180751 -0.892678 -0.299222
0.91936 -0.127143 0.114997 1.02254 0.182682 -0.8954 -0.297679
0.92357 -0.123101 0.111512 1.0212 0.184611 -0.898098 -0.296123
0.92778 -0.119065 0.108018 1.01984 0.186538 -0.900772 -0.294555
0.93199 -0.115037 0.104514 1.01846 0.188463 -0.90342 -0.292976
0.9362 -0.111015 0.101 1.01706 0.190385 -0.906043 -0.291386
0.94041 -0.107 0.0974782 1.01564 0.192306 -0.908643 -0.289784
0.94462 -0.102991 0.0939475 1.01421 0.194224 -0.911217 -0.288172
0.94883 -0.0989882 0.0904086 1.01276 0.19614 -0.913767 -0.286549
0.95304 -0.094991 0.0868618 1.01128 0.198054 -0.916293 -0.284916
0.95725 -0.0909994 0.0833074 1.00979 0.199965 -0.918795 -0.283272
0.96146 -0.0870132 0.0797458 1.00829 0.201873 -0.921272 -0.281619
0.96567 -0.0830321 0.0761773 1.00676 0.203779 -0.923726 -0.279956
0.96988 -0.079056 0.0726023 1.00521 0.205682 -0.926155 -0.278284
0.97409 -0.0750847 0.0690209 1.00365 0.207582 -0.928561 -0.276603
0.9783 -0.0711179 0.0654336 1.00206 0.209479 -0.930943 -0.274912
0.98251 -0.0671553 0.0618407 1.00046 0.211372 -0.933301 -0.273213
0.98672 -0.0631969 0.0582425 0.998833 0.213263 -0.935636 -0.271506
0.99093 -0.0592422 0.0546394 0.99719 0.215151 -0.937948 -0.26979
0.99514 -0.0552912 0.0510315 0.995527 0.217035 -0.940236 -0.268066
0.99935 -0.0513435 0.0474193 0.993844 0.218915 -0.942501 -0.266334
1.00356 -0.047399 0.0438031 0.992142 0.220792 -0.944743 -0.264595
1.00777 -0.0434573 0.0401831 0.99042 0.222665 -0.946962 -0.262848
1.01198 -0.0395184 0.0365598 0.988677 0.224534 -0.949158 -0.261094
1.01619 -0.0355819 0.0329333 0.986914 0.226399 -0.951332 -0.259332
1.0204 -0.0316475 0.0293041 0.985131 0.22826 -0.953483 -0.257564
1.02461 -0.0277151 0.0256723 0.983327 0.230117 -0.955612 -0.255789
1.02882 -0.0237845 0.0220384 0.981502 0.231969 -0.957718 -0.254008
1.03303 -0.0198553 0.0184026 0.979657 0.233817 -0.959802 -0.25222
1.03724 -0.0159273 0.0147653 0.977791 0.235661 -0.961864 -0.250426
1.04145 -0.0120003 0.0111268 0.975904 0.237499 -0.963904 -0.248626
1.04566 -0.00807407 0.00748726 0.973996 0.239333 -0.965922 -0.24682
1.04987 -0.00414833 0.00384713 0.972067 0.241161 -0.967918 -0.245008
1.05408 -0.000222847 0.000206669 0.970116 0.242984 -0.969893 -0.243191
1.05829 0.00370262 -0.00343381 0.968143 0.244802 -0.971846 -0.241368
1.0625 0.00762832 -0.00707399 0.96615 0.246614 -0.973778 -0.23954
1.06671 0.0115545 -0.0107136 0.964134 0.248421 -0.975689 -0.237707
1.07092 0.0154814 -0.0143523 0.962097 0.250222 -0.977578 -0.235869
1.07513 0.0194092 -0.0179897 0.960037 0.252017 -0.979446 -0.234027
1.07934 0.0233383 -0.0216257 0.957956 0.253805 -0.981294 -0.232179
1.08355 0.0272688 -0.0252598 0.955852 0.255587 -0.983121 -0.230327
1.08776 0.0312009 -0.0288918 0.953726 0.257363 -0.984927 -0.228471
1.09197 0.035135 -0.0325214 0.951577 0.259132 -0.986713 -0.226611
1.09618 0.0390713 -0.0361482 0.949406 0.260894 -0.988478 -0.224746
1.10039 0.04301 -0.0397719 0.947213 0.262649 -0.990223 -0.222877
1.1046 0.0469513 -0.0433923 0.944996 0.264397 -0.991947 -0.221005
1.10881 0.0508955 -0.0470089 0.942757 0.266137 -0.993652 -0.219128
1.11302 0.0548428 -0.0506216 0.940494 0.26787 -0.995337 -0.217248
1.11723 0.0587934 -0.05423 0.938209 0.269595 -0.997002 -0.215365
1.12144 0.0627477 -0.0578337 0.9359 0.271311 -0.998647 -0.213478
1.12565 0.0667057 -0.0614325 0.933567 0.27302 -1.00027 -0.211587
1.12986 0.0706678 -0.065026 0.931212 0.27472 -1.00188 -0.209694
1.13407 0.0746341 -0.0686139 0.928832 0.276411 -1.00347 -0.207797
1.13828 0.0786049 -0.0721959 0.926429 0.278093 -1.00503 -0.205898
1.14249 0.0825804 -0.0757718 0.924003 0.279767 -1.00658 -0.203995
1.1467 0.0865609 -0.079341 0.921552 0.281431 -1.00811 -0.20209
1.15091 0.0905465 -0.0829034 0.919077 0.283085 -1.00962 -0.200182
1.15512 0.0945375 -0.0864586 0.916578 0.284729 -1.01112 -0.198271
1.15933 0.098534 -0.0900063 0.914055 0.286364 -1.01259 -0.196358
1.16354 0.102536 -0.0935461 0.911508 0.287988 -1.01404 -0.194442
1.16775 0.106545 -0.0970778 0.908936 0.289602 -1.01548 -0.192524
1.17196 0.110559 -0.100601 0.90634 0.291204 -1.0169 -0.190604
1.17617 0.11458 -0.104115 0.903719 0.292796 -1.0183 -0.188681
1.18038 0.118608 -0.10762 0.901073 0.294377 -1.01968 -0.186756
1.18459 0.122642 -0.111116 0.898403 0.295946 -1.02105 -0.18483
1.1888 0.126683 -0.114602 0.895708 0.297503 -1.02239 -0.182901
1.19301 0.130732 -0.118077 0.892988 0.299048 -1.02372 -0.180971
1.19722 0.134788 -0.121542 0.890243 0.30058 -1.02503 -0.179038
1.20143 0.138851 -0.124996 0.887473 0.3021 -1.02632 -0.177104
1.20564 0.142922 -0.128439 0.884678 0.303607 -1.0276 -0.175168
1.20985 0.147001 -0.13187 0.881857 0.305101 -1.02886 -0.173231
1.21406 0.151088 -0.135289 0.879012 0.306581 -1.0301 -0.171292
1.21827 0.155183 -0.138696 0.87614 0.308048 -1.03132 -0.169351
1.22248 0.159287 -0.142091 0.873244 0.3095 -1.03253 -0.167409
1.22669 0.163399 -0.145472 0.870322 0.310938 -1.03372 -0.165466
1.2309 0.16752 -0.14884 0.867375 0.312362 -1.03489 -0.163521
1.23511 0.171649 -0.152194 0.864402 0.31377 -1.03605 -0.161576
1.23932 0.175788 -0.155534 0.861403 0.315163 -1.03719 -0.159628
1.24353 0.179935 -0.15886 0.858379 0.31654 -1.03831 -0.15768
1.24774 0.184092 -0.162171 0.855329 0.317902 -1.03942 -0.155731
1.25195 0.188258 -0.165467 0.852254 0.319247 -1.04051 -0.15378
1.25616 0.192434 -0.168747 0.849153 0.320575 -1.04159 -0.151829
1.26037 0.196619 -0.172011 0.846026 0.321887 -1.04264 -0.149876
1.26458 0.200814 -0.175259 0.842873 0.323182 -1.04369 -0.147923
1.26879 0.205018 -0.17849 0.839695 0.324458 -1.04471 -0.145969
1.273 0.209232 -0.181704 0.836491 0.325717 -1.04572 -0.144014
1.27721 0.213457 -0.1849 0.833261 0.326958 -1.04672 -0.142058
1.28142 0.217691 -0.188079 0.830006 0.32818 -1.0477 -0.140101
1.28563 0.221936 -0.191239 0.826724 0.329383 -1.04866 -0.138144
1.28984 0.22619 -0.194381 0.823418 0.330567 -1.04961 -0.136186
1.29405 0.230455 -0.197504 0.820085 0.331731 -1.05054 -0.134227
1.29826 0.23473 -0.200607 0.816727 0.332875 -1.05146 -0.132267
1.30247 0.239015 -0.203691 0.813343 0.333999 -1.05236 -0.130308
1.30668 0.243311 -0.206755 0.809933 0.335102 -1.05324 -0.128347
1.31089 0.247617 -0.209798 0.806498 0.336184 -1.05412 -0.126386
1.3151 0.251933 -0.21282 0.803038 0.337244 -1.05497 -0.124424
1.31931 0.25626 -0.21582 0.799552 0.338283 -1.05581 -0.122462
1.32352 0.260597 -0.218799 0.796041 0.339299 -1.05664 -0.1205
1.32773 0.264944 -0.221756 0.792505 0.340293 -1.05745 -0.118537
1.33194 0.269302 -0.22469 0.788944 0.341264 -1.05825 -0.116574
1.33615 0.27367 -0.227601 0.785357 0.342212 -1.05903 -0.11461
1.34036 0.278049 -0.230489 0.781746 0.343136 -1.05979 -0.112646
1.34457 0.282438 -0.233354 0.778109 0.344036 -1.06055 -0.110682
1.34878 0.286837 -0.236194 0.774448 0.344911 -1.06128 -0.108717
1.35299 0.291246 -0.239009 0.770763 0.345762 -1.06201 -0.106753
1.3572 0.295665 -0.2418 0.767052 0.346588 -1.06272 -0.104787
1.36141 0.300095 -0.244566 0.763318 0.347388 -1.06341 -0.102822
1.36562 0.304534 -0.247305 0.759559 0.348162 -1.06409 -0.100857
1.36983 0.308983 -0.250019 0.755777 0.34891 -1.06476 -0.0988907
1.37404 0.313442 -0.252706 0.75197 0.349631 -1.06541 -0.0969247
1.37825 0.31791 -0.255367 0.74814 0.350325 -1.06605 -0.0949586
1.38246 0.322389 -0.258 0.744286 0.350992 -1.06667 -0.0929923
1.38667 0.326876 -0.260605 0.740409 0.351631 -1.06728 -0.0910258
1.39088 0.331373 -0.263183 0.736509 0.352242 -1.06788 -0.0890592
1.39509 0.335879 -0.265732 0.732585 0.352825 -1.06846 -0.0870925
1.3993 0.340393 -0.268253 0.728639 0.353378 -1.06903 -0.0851257
1.40351 0.344917 -0.270744 0.724671 0.353903 -1.06959 -0.0831588
1.40772 0.349449 -0.273206 0.72068 0.354398 -1.07013 -0.0811918
1.41193 0.35399 -0.275638 0.716667 0.354863 -1.07066 -0.0792247
1.41614 0.358538 -0.27804 0.712633 0.355297 -1.07117 -0.0772576
1.42035 0.363095 -0.280411 0.708577 0.355701 -1.07167 -0.0752904
1.42456 0.36766 -0.282751 0.704499 0.356074 -1.07216 -0.0733231
1.42877 0.372232 -0.28506 0.700401 0.356416 -1.07263 -0.0713558
1.43298 0.376811 -0.287338 0.696282 0.356726 -1.07309 -0.0693885
1.43719 0.381398 -0.289583 0.692142 0.357004 -1.07354 -0.0674211
1.4414 0.385991 -0.291796 0.687982 0.35725 -1.07397 -0.0654538
1.44561 0.390591 -0.293977 0.683803 0.357463 -1.07439 -0.0634864
1.44982 0.395198 -0.296125 0.679604 0.357644 -1.0748 -0.061519
1.45403 0.39981 -0.298239 0.675385 0.357791 -1.0752 -0.0595516
1.45824 0.404428 -0.30032 0.671148 0.357904 -1.07558 -0.0575842
1.46245 0.409051 -0.302367 0.666893 0.357984 -1.07594 -0.0556168
1.46666 0.41368 -0.30438 0.662619 0.358029 -1.0763 -0.0536494
1.47087 0.418313 -0.306359 0.658327 0.358041 -1.07664 -0.051682
1.47508 0.422951 -0.308302 0.654018 0.358017 -1.07697 -0.0497146
1.47929 0.427593 -0.310211 0.649691 0.357958 -1.07728 -0.0477473
1.4835 0.432238 -0.312085 0.645348 0.357865 -1.07759 -0.0457799
1.48771 0.436887 -0.313923 0.640989 0.357736 -1.07788 -0.0438126
1.49192 0.44154 -0.315725 0.636613 0.357571 -1.07815 -0.0418453
1.49613 0.446195 -0.317492 0.632222 0.35737 -1.07842 -0.039878
1.50034 0.450852 -0.319222 0.627816 0.357133 -1.07867 -0.0379108
1.50455 0.455511 -0.320916 0.623394 0.356859 -1.07891 -0.0359435
1.50876 0.460172 -0.322573 0.618959 0.356549 -1.07913 -0.0339763
1.51297 0.464834 -0.324194 0.614509 0.356203 -1.07934 -0.0320091
1.51718 0.469497 -0.325777 0.610046 0.355819 -1.07954 -0.030042
1.52139 0.47416 -0.327323 0.60557 0.355398 -1.07973 -0.0280748
1.5256 0.478823 -0.328832 0.601081 0.35494 -1.0799 -0.0261077
1.52981 0.483486 -0.330304 0.59658 0.354444 -1.08007 -0.0241406
1.53402 0.488148 -0.331737 0.592067 0.353911 -1.08021 -0.0221735
1.53823 0.492809 -0.333133 0.587542 0.35334 -1.08035 -0.0202065
1.54244 0.497468 -0.334491 0.583007 0.352731 -1.08047 -0.0182394
1.54665 0.502124 -0.335811 0.578461 0.352084 -1.08059 -0.0162724
1.55086 0.506779 -0.337093 0.573905 0.351399 -1.08068 -0.0143054
1.55507 0.51143 -0.338337 0.569339 0.350676 -1.08077 -0.0123384
1.55928 0.516078 -0.339543 0.564764 0.349914 -1.08084 -0.0103714
1.56349 0.520721 -0.34071 0.560181 0.349114 -1.0809 -0.00840442
1.5677 0.525361 -0.341838 0.555589 0.348276 -1.08095 -0.00643746
1.57191 0.529995 -0.342929 0.550989 0.347399 -1.08098 -0.0044705
1.57612 0.534625 -0.34398 0.546382 0.346484 -1.08101 -0.00250354
1.58033 0.539248 -0.344994 0.541768 0.34553 -1.08102 -0.000536589
1.58454 0.543866 -0.345968 0.537148 0.344538 -1.08101 0.00143036
1.58875 0.548476 -0.346905 0.532522 0.343507 -1.081 0.00339732
1.59296 0.55308 -0.347802 0.52789 0.342438 -1.08097 0.00536427
1.59717 0.557676 -0.348662 0.523253 0.34133 -1.08093 0.00733124
1.60138 0.562264 -0.349482 0.518612 0.340184 -1.08088 0.00929821
1.60559 0.566844 -0.350265 0.513966 0.339 -1.08081 0.0112652
1.6098 0.571415 -0.351009 0.509317 0.337777 -1.08073 0.0132322
1.61401 0.575976 -0.351715 0.504664 0.336516 -1.08064 0.0151992
1.61822 0.580528 -0.352383 0.500009 0.335216 -1.08054 0.0171662
1.62243 0.585069 -0.353012 0.495351 0.333879 -1.08042 0.0191332
1.62664 0.589599 -0.353604 0.490691 0.332504 -1.08029 0.0211003
1.63085 0.594119 -0.354158 0.48603 0.331091 -1.08015 0.0230673
1.63506 0.598627 -0.354674 0.481368 0.32964 -1.07999 0.0250344
1.63927 0.603122 -0.355153 0.476705 0.328151 -1.07983 0.0270015
1.64348 0.607606 -0.355594 0.472041 0.326625 -1.07965 0.0289687
1.64769 0.612076 -0.355998 0.467378 0.325062 -1.07945 0.0309358
1.6519 0.616533 -0.356365 0.462716 0.323462 -1.07925 0.032903
1.65611 0.620976 -0.356695 0.458054 0.321825 -1.07903 0.0348702
1.66032 0.625405 -0.356988 0.453394 0.320151 -1.0788 0.0368374
1.66453 0.62982 -0.357245 0.448735 0.31844 -1.07856 0.0388047
1.66874 0.634219 -0.357466 0.444079 0.316694 -1.0783 0.0407719
1.67295 0.638603 -0.35765 0.439425 0.314911 -1.07803 0.0427392
1.67716 0.642972 -0.357799 0.434775 0.313092 -1.07775 0.0447065
1.68137 0.647324 -0.357912 0.430127 0.311238 -1.07745 0.0466739
1.68558 0.651659 -0.357989 0.425483 0.309348 -1.07714 0.0486412
1.68979 0.655978 -0.358032 0.420843 0.307423 -1.07682 0.0506086
1.694 0.660279 -0.35804 0.416207 0.305464 -1.07649 0.052576
1.69821 0.664563 -0.358013 0.411576 0.30347 -1.07614 0.0545434
1.70242 0.668829 -0.357952 0.40695 0.301441 -1.07578 0.0565108
1.70663 0.673076 -0.357857 0.402329 0.299379 -1.0754 0.0584782
1.71084 0.677305 -0.357728 0.397713 0.297282 -1.07502 0.0604456
1.71505 0.681514 -0.357566 0.393104 0.295153 -1.07462 0.062413
1.71926 0.685704 -0.35737 0.3885 0.29299 -1.0742 0.0643804
1.72347 0.689875 -0.357142 0.383903 0.290795 -1.07378 0.0663477
1.72768 0.694026 -0.356882 0.379313 0.288567 -1.07334 0.0683151
1.73189 0.698156 -0.356589 0.37473 0.286307 -1.07289 0.0702824
1.7361 0.702266 -0.356265 0.370153 0.284015 -1.07242 0.0722497
1.74031 0.706355 -0.355909 0.365585 0.281692 -1.07194 0.074217
1.74452 0.710422 -0.355521 0.361024 0.279337 -1.07145 0.0761842
1.74873 0.714469 -0.355103 0.356471 0.276952 -1.07094 0.0781514
1.75294 0.718493 -0.354655 0.351925 0.274536 -1.07042 0.0801185
1.75715 0.722496 -0.354176 0.347389 0.272091 -1.06988 0.0820856
1.76136 0.726477 -0.353668 0.34286 0.269616 -1.06934 0.0840525
1.76557 0.730435 -0.35313 0.338341 0.267111 -1.06878 0.0860194
1.76978 0.734371 -0.352564 0.33383 0.264577 -1.0682 0.0879862
1.77399 0.738284 -0.351968 0.329328 0.262015 -1.06761 0.0899528
1.7782 0.742173 -0.351344 0.324836 0.259425 -1.06701 0.0919194
1.78241 0.74604 -0.350693 0.320353 0.256807 -1.06639 0.0938858
1.78662 0.749883 -0.350013 0.315879 0.254161 -1.06576 0.095852
1.79083 0.753703 -0.349307 0.311415 0.251489 -1.06512 0.0978181
1.79504 0.757498 -0.348573 0.30696 0.248789 -1.06446 0.099784
1.79925 0.76127 -0.347813 0.302515 0.246064 -1.06379 0.10175
1.80346 0.765018 -0.347027 0.298081 0.243312 -1.0631 0.103715
1.80767 0.768741 -0.346216 0.293656 0.240535 -1.0624 0.10568
1.81188 0.77244 -0.345378 0.289241 0.237733 -1.06168 0.107645
1.81609 0.776115 -0.344516 0.284837 0.234906 -1.06095 0.10961
1.8203 0.779765 -0.34363 0.280442 0.232055 -1.06021 0.111575
1.82451 0.78339 -0.342719 0.276058 0.22918 -1.05945 0.113539
1.82872 0.78699 -0.341784 0.271684 0.226281 -1.05867 0.115503
1.83293 0.790565 -0.340826 0.267321 0.22336 -1.05789 0.117466
1.83714 0.794115 -0.339844 0.262968 0.220415 -1.05708 0.119429
1.84135 0.79764 -0.33884 0.258625 0.217448 -1.05626 0.121392
1.84556 0.801139 -0.337813 0.254292 0.214459 -1.05543 0.123354
1.84977 0.804614 -0.336765 0.24997 0.211449 -1.05458 0.125316
1.85398 0.808062 -0.335695 0.245659 0.208417 -1.05372 0.127277
1.85819 0.811486 -0.334603 0.241357 0.205365 -1.05284 0.129238
1.8624 0.814884 -0.333491 0.237067 0.202292 -1.05195 0.131198
1.86661 0.818256 -0.332358 0.232786 0.1992 -1.05104 0.133158
1.87082 0.821602 -0.331204 0.228516 0.196087 -1.05012 0.135117
1.87503 0.824923 -0.330031 0.224256 0.192956 -1.04918 0.137075
1.87924 0.828219 -0.328839 0.220006 0.189806 -1.04822 0.139033
1.88345 0.831488 -0.327627 0.215766 0.186637 -1.04725 0.14099
1.88766 0.834732 -0.326396 0.211536 0.18345 -1.04627 0.142947
1.89187 0.83795 -0.325147 0.207316 0.180245 -1.04527 0.144902
1.89608 0.841143 -0.32388 0.203106 0.177024 -1.04425 0.146857
1.90029 0.844309 -0.322596 0.198906 0.173785 -1.04322 0.148811
1.9045 0.84745 -0.321293 0.194716 0.17053 -1.04217 0.150764
1.90871 0.850565 -0.319974 0.190535 0.167258 -1.0411 0.152716
1.91292 0.853655 -0.318638 0.186364 0.163971 -1.04002 0.154667
1.91713 0.856718 -0.317285 0.182202 0.160668 -1.03892 0.156617
1.92134 0.859757 -0.315916 0.178049 0.157351 -1.03781 0.158566
1.92555 0.862769 -0.314532 0.173906 0.154019 -1.03667 0.160513
1.92976 0.865756 -0.313132 0.169772 0.150672 -1.03553 0.16246
1.93397 0.868717 -0.311717 0.165646 0.147311 -1.03436 0.164405
1.93818 0.871653 -0.310287 0.161529 0.143937 -1.03318 0.166349
1.94239 0.874563 -0.308842 0.157421 0.14055 -1.03198 0.168292
1.9466 0.877448 -0.307383 0.153321 0.13715 -1.03077 0.170233
1.95081 0.880308 -0.30591 0.14923 0.133737 -1.02954 0.172173
1.95502 0.883142 -0.304424 0.145147 0.130313 -1.02829 0.174111
1.95923 0.885951 -0.302924 0.141071 0.126876 -1.02702 0.176048
1.96344 0.888735 -0.301411 0.137004 0.123428 -1.02574 0.177983
1.96765 0.891493 -0.299885 0.132944 0.119969 -1.02444 0.179916
1.97186 0.894227 -0.298347 0.128891 0.116499 -1.02312 0.181848
1.97607 0.896936 -0.296797 0.124846 0.113019 -1.02178 0.183778
1.98028 0.89962 -0.295234 0.120808 0.109529 -1.02043 0.185705
1.98449 0.902279 -0.29366 0.116777 0.106029 -1.01906 0.187631
1.9887 0.904913 -0.292074 0.112752 0.102519 -1.01767 0.189555
1.99291 0.907523 -0.290478 0.108734 0.0990011 -1.01626 0.191476
1.99712 0.910108 -0.28887 0.104723 0.0954741 -1.01483 0.193396
2.00133 0.912668 -0.287251 0.100717 0.0919386 -1.01339 0.195313
2.00554 0.915205 -0.285623 0.0967173 0.0883952 -1.01192 0.197227
2.00975 0.917717 -0.283983 0.0927233 0.0848441 -1.01044 0.199139
2.01396 0.920205 -0.282334 0.0887348 0.0812856 -1.00894 0.201049
2.01817 0.922668 -0.280676 0.0847516 0.07772 -1.00742 0.202956
2.02238 0.925108 -0.279008 0.0807734 0.0741477 -1.00588 0.20486
2.02659 0.927524 -0.27733 0.0768 0.070569 -1.00432 0.206761
2.0308 0.929916 -0.275644 0.0728313 0.0669843 -1.00275 0.208659
2.03501 0.932285 -0.273948 0.0688669 0.0633938 -1.00115 0.210555
2.03922 0.93463 -0.272245 0.0649067 0.0597978 -0.999537 0.212447
2.04343 0.936952 -0.270532 0.0609504 0.0561968 -0.997902 0.214335
2.04764 0.93925 -0.268812 0.0569979 0.0525909 -0.996248 0.216221
2.05185 0.941525 -0.267083 0.0530488 0.0489805 -0.994574 0.218103
2.05606 0.943777 -0.265347 0.0491029 0.045366 -0.99288 0.219981
2.06027 0.946006 -0.263604 0.04516 0.0417476 -0.991166 0.221856
2.06448 0.948212 -0.261853 0.04122 0.0381257 -0.989432 0.223727
2.06869 0.950396 -0.260094 0.0372824 0.0345005 -0.987678 0.225594
2.0729 0.952557 -0.258329 0.0333472 0.0308725 -0.985904 0.227457
2.07711 0.954695 -0.256557 0.029414 0.0272418 -0.984109 0.229315
2.08132 0.956811 -0.254778 0.0254826 0.0236088 -0.982293 0.23117
2.08553 0.958904 -0.252993 0.0215528 0.0199738 -0.980457 0.233019
2.08974 0.960976 -0.251202 0.0176243 0.0163371 -0.9786 0.234865
2.09395 0.963025 -0.249404 0.0136969 0.012699 -0.976722 0.236705
2.09816 0.965053 -0.247601 0.0097704 0.00905988 -0.974823 0.238541
2.10237 0.967058 -0.245792 0.00584447 0.00541998 -0.972903 0.240372
2.105 0.9683 -0.244658 0.00339213 0.00314587 -0.971692 0.241513
