0 1
0.064519 0.967763
0.126374 0.936981
0.187799 0.906651
0.249008 0.876779
0.310017 0.847463
0.370824 0.818808
0.431425 0.790917
0.491816 0.763886
0.551995 0.737806
0.61196 0.712764
0.671708 0.688838
0.731239 0.666104
0.790553 0.644629
0.849651 0.624475
0.908535 0.605698
0.967211 0.588347
1.02568 0.572466
1.08396 0.558092
1.14204 0.545258
1.19995 0.533989
1.2577 0.524307
1.31531 0.51623
1.37279 0.50977
1.43016 0.504937
1.48745 0.501736
1.54468 0.50017
1.60189 0.500242
1.65909 0.501948
1.71632 0.505285
1.7736 0.510247
1.83096 0.516826
1.88842 0.525011
1.94601 0.534785
2.00374 0.546132
2.06162 0.559028
2.11968 0.573447
2.17793 0.589356
2.23637 0.606718
2.29501 0.625489
2.35386 0.645621
2.41292 0.667059
2.47219 0.689742
2.53168 0.713604
2.59139 0.73857
2.65131 0.764564
2.71145 0.791501
2.7718 0.819289
2.83236 0.847836
2.89312 0.87704
2.95409 0.906797
3.01525 0.936998
3.07661 0.967531
3.13815 0.998281
3.19988 1.02913
3.26178 1.05995
3.32386 1.09063
3.3861 1.12104
3.44849 1.15105
3.51104 1.18055
3.57374 1.20941
3.63657 1.23751
3.69953 1.26472
3.76262 1.29094
3.82583 1.31604
3.88915 1.33992
3.95257 1.36248
4.01608 1.38361
4.07969 1.40322
4.14337 1.42122
4.20713 1.43753
4.27096 1.45207
4.33484 1.46479
4.39877 1.47561
4.46275 1.4845
4.52676 1.49141
4.5908 1.49631
4.65486 1.49917
4.71893 1.49999
4.783 1.49875
4.84707 1.49547
4.91113 1.49016
4.97517 1.48284
5.03918 1.47354
5.10315 1.46231
5.16709 1.4492
5.23097 1.43426
5.2948 1.41757
5.35856 1.3992
5.42224 1.37923
5.48585 1.35775
5.54937 1.33486
5.61279 1.31065
5.6761 1.28524
5.73931 1.25873
5.8024 1.23124
5.86537 1.20288
5.9282 1.17379
5.99089 1.14408
6.05344 1.11387
6.11583 1.08329
6.17807 1.05246
6.24014 1.02152
6.30204 0.990575
6.36376 0.959757
6.4253 0.929184
6.48665 0.89897
6.5478 0.869231
6.60876 0.840074
6.66951 0.811605
6.73006 0.783925
6.7904 0.757128
6.85052 0.731305
6.91043 0.706541
6.97013 0.682913
7.0296 0.660494
7.08886 0.639351
7.1479 0.619544
7.20673 0.601127
7.26536 0.584148
7.32378 0.568648
7.382 0.554665
7.44004 0.542228
7.49791 0.531363
7.55562 0.52209
7.61319 0.514425
7.67064 0.50838
7.72799 0.503963
7.78526 0.50118
7.84249 0.500033
7.89969 0.500522
7.9569 0.502646
8.01414 0.506399
8.07144 0.511775
8.12882 0.518766
8.18631 0.527358
8.24393 0.537536
8.3017 0.549281
8.35963 0.562569
8.41773 0.577372
8.47603 0.593656
8.53452 0.611382
8.59321 0.630506
8.65211 0.650977
8.71123 0.672739
8.77056 0.69573
8.83011 0.719881
8.88987 0.745118
8.94985 0.771361
9.01004 0.798524
9.07044 0.826516
9.13105 0.85524
9.19187 0.884595
9.25289 0.914476
9.3141 0.944773
9.3755 0.975373
9.43709 1.00616
9.49887 1.03701
9.56081 1.06781
9.62293 1.09843
9.68521 1.12875
9.74765 1.15864
9.81023 1.18799
9.87296 1.21667
9.93583 1.24455
9.99883 1.27152
10.0619 1.29746
10.1252 1.32226
10.1885 1.34582
10.252 1.36802
10.3155 1.38877
10.3791 1.40797
10.4428 1.42555
10.5066 1.44141
10.5705 1.4555
10.6344 1.46773
10.6983 1.47807
10.7623 1.48646
10.8263 1.49285
10.8904 1.49723
10.9544 1.49958
11.0185 1.49987
11.0826 1.49811
11.1466 1.49431
11.2107 1.48848
11.2747 1.48065
11.3387 1.47085
11.4027 1.45914
11.4666 1.44555
11.5305 1.43016
11.5943 1.41303
11.658 1.39424
11.7217 1.37388
11.7853 1.35203
11.8488 1.32879
11.9122 1.30427
11.9755 1.27856
12.0386 1.25179
12.1017 1.22407
12.1646 1.19552
12.2274 1.16625
12.2901 1.1364
12.3526 1.10608
12.4149 1.07543
12.4771 1.04456
12.5392 1.01361
12.601 0.982684
12.6627 0.951917
12.7242 0.921424
12.7855 0.891321
12.8466 0.86172
12.9075 0.83273
12.9682 0.804453
13.0287 0.77699
13.089 0.750434
13.149 0.724873
13.2089 0.700392
13.2685 0.677066
13.3279 0.654968
13.3872 0.634161
13.4461 0.614704
13.5049 0.59665
13.5635 0.580045
13.6219 0.56493
13.68 0.551339
13.738 0.539301
13.7959 0.528841
13.8535 0.519978
13.9111 0.512726
13.9685 0.507096
14.0258 0.503097
14.0831 0.500731
14.1403 0.500002
14.1975 0.500909
14.2547 0.50345
14.312 0.507619
14.3693 0.513408
14.4267 0.520809
14.4842 0.529808
14.5419 0.540389
14.5997 0.552531
14.6576 0.566209
14.7158 0.581393
14.7741 0.59805
14.8327 0.616137
14.8914 0.635611
14.9504 0.656417
15.0096 0.6785
15.0689 0.701794
15.1285 0.72623
15.1884 0.751732
15.2484 0.778218
15.3086 0.805601
15.3691 0.83379
15.4298 0.862685
15.4906 0.892185
15.5517 0.922183
15.613 0.952568
15.6744 0.983226
15.736 1.01404
15.7979 1.04489
15.8599 1.07565
15.922 1.10621
15.9843 1.13643
16.0468 1.1662
16.1094 1.19539
16.1722 1.22387
16.2351 1.25153
16.2981 1.27825
16.3613 1.30391
16.4245 1.32841
16.4879 1.35162
16.5514 1.37346
16.6149 1.39382
16.6786 1.41262
16.7423 1.42977
16.8061 1.44518
16.87 1.4588
16.9339 1.47056
16.9978 1.4804
17.0618 1.48828
17.1259 1.49417
17.1899 1.49803
17.254 1.49985
17.318 1.49961
17.3821 1.49733
17.4462 1.49301
17.5102 1.48667
17.5743 1.47833
17.6382 1.46804
17.7022 1.45584
17.7661 1.44179
17.83 1.42595
17.8938 1.40839
17.9575 1.38919
18.0211 1.36843
18.0847 1.34622
18.1482 1.32264
18.2115 1.29781
18.2748 1.27182
18.3379 1.24479
18.401 1.21685
18.4639 1.1881
18.5266 1.15867
18.5892 1.12869
18.6517 1.09828
18.714 1.06756
18.7762 1.03665
18.8382 1.0057
18.9 0.974802
18.9616 0.944095
19.023 0.913691
19.0843 0.883706
19.1453 0.85425
19.2062 0.825432
19.2669 0.797354
19.3273 0.770114
19.3875 0.743804
19.4475 0.718512
19.5073 0.694319
19.5669 0.6713
19.6263 0.649526
19.6854 0.629058
19.7444 0.609955
19.8031 0.592267
19.8616 0.576039
19.9199 0.561311
19.9781 0.548114
20.036 0.536478
20.0938 0.526424
20.1514 0.517971
20.2089 0.511133
20.2663 0.505919
20.3236 0.502337
20.3809 0.500389
20.4381 0.500079
20.4953 0.501403
20.5525 0.50436
20.6098 0.508944
20.6671 0.515147
20.7246 0.522957
20.7821 0.532362
20.8398 0.543344
20.8977 0.555881
20.9557 0.569947
21.0139 0.585511
21.0723 0.602537
21.1309 0.620984
21.1897 0.640803
21.2487 0.661941
21.3079 0.684339
21.3673 0.707932
21.427 0.732648
21.4869 0.758409
21.547 0.785133
21.6073 0.812732
21.6678 0.84111
21.7285 0.87017
21.7894 0.899807
21.8505 0.929915
21.9118 0.960381
21.9733 0.99109
22.035 1.02192
22.0969 1.05276
22.1589 1.08349
22.2211 1.11397
22.2835 1.14409
22.346 1.17372
22.4086 1.20274
22.4714 1.23102
22.5344 1.25845
22.5974 1.28491
22.6606 1.31029
22.7239 1.33446
22.7873 1.35734
22.8508 1.37881
22.9144 1.39878
22.9781 1.41716
23.0418 1.43387
23.1056 1.44884
23.1695 1.46198
23.2334 1.47326
23.2974 1.4826
23.3614 1.48998
23.4254 1.49535
23.4895 1.49869
23.5535 1.49998
23.6176 1.49923
23.6817 1.49642
23.7457 1.49158
23.8098 1.48472
23.8738 1.47588
23.9378 1.4651
24.0017 1.45242
24.0656 1.43791
24.1295 1.42162
24.1932 1.40363
24.2569 1.38403
24.3206 1.36289
24.3841 1.34032
24.4475 1.31641
24.5109 1.29127
24.5741 1.26501
24.6372 1.23774
24.7002 1.20957
24.7631 1.18064
24.8258 1.15106
24.8884 1.12096
24.9508 1.09045
25.0131 1.05967
25.0752 1.02874
25.1372 0.997791
25.1989 0.966933
25.2605 0.936292
25.3219 0.905984
25.3831 0.876124
25.4441 0.846822
25.5049 0.818183
25.5655 0.79031
25.6259 0.763299
25.6861 0.737241
25.746 0.712222
25.8058 0.688322
25.8653 0.665615
25.9246 0.644169
25.9837 0.624045
26.0426 0.605299
26.1012 0.58798
26.1597 0.572132
26.218 0.557792
26.2761 0.544991
26.334 0.533757
26.3917 0.524111
26.4493 0.51607
26.5068 0.509646
26.5642 0.504848
26.6215 0.501683
26.6787 0.500154
26.7359 0.500262
26.7931 0.502004
26.8503 0.505377
26.9076 0.510375
26.965 0.51699
27.0224 0.525209
27.08 0.535019
27.1378 0.5464
27.1956 0.559331
27.2537 0.573783
27.312 0.589724
27.3704 0.607117
27.429 0.625919
27.4879 0.646081
27.547 0.667547
27.6062 0.690257
27.6657 0.714144
27.7255 0.739134
27.7854 0.76515
27.8455 0.792106
27.9059 0.819913
27.9664 0.848475
28.0272 0.877692
28.0882 0.90746
28.1493 0.93767
28.2107 0.968209
28.2723 0.998962
28.334 1.02981
28.3959 1.06063
28.458 1.0913
28.5202 1.12171
28.5826 1.15171
28.6452 1.1812
28.7079 1.21004
28.7707 1.23812
28.8337 1.26531
28.8968 1.2915
28.96 1.31658
29.0233 1.34044
29.0867 1.36296
29.1502 1.38406
29.2138 1.40363
29.2775 1.42159
29.3413 1.43787
29.4051 1.45237
29.469 1.46505
29.5329 1.47583
29.5969 1.48467
29.6609 1.49154
29.725 1.49639
29.789 1.49921
29.8531 1.49998
29.9172 1.4987
29.9812 1.49538
30.0453 1.49002
30.1093 1.48265
30.1733 1.47331
30.2373 1.46204
30.3012 1.44889
30.3651 1.43391
30.4289 1.41718
30.4927 1.39877
30.5564 1.37877
30.62 1.35726
30.6835 1.33433
30.7469 1.3101
30.8102 1.28466
30.8734 1.25813
30.9365 1.23062
30.9995 1.20225
31.0623 1.17314
31.125 1.14341
31.1876 1.11319
31.25 1.08261
31.3122 1.05178
31.3742 1.02083
31.4361 0.989892
31.4979 0.959078
31.5594 0.928511
31.6207 0.898307
31.6819 0.868579
31.7428 0.839437
31.8036 0.810984
31.8641 0.783322
31.9245 0.756546
31.9846 0.730746
32.0445 0.706006
32.1042 0.682404
32.1637 0.660013
32.2229 0.638899
32.2819 0.619122
32.3408 0.600736
32.3994 0.583789
32.4578 0.568323
32.516 0.554373
32.5741 0.541971
32.6319 0.531141
32.6896 0.521903
32.7472 0.514274
32.8047 0.508265
32.862 0.503884
32.9193 0.501137
32.9765 0.500026
33.0337 0.500552
33.0909 0.502711
33.1481 0.5065
33.2054 0.511912
33.2628 0.518938
33.3203 0.527565
33.3779 0.537779
33.4357 0.549558
33.4937 0.56288
33.5518 0.577716
33.6101 0.594032
33.6686 0.61179
33.7273 0.630944
33.7862 0.651444
33.8453 0.673234
33.9046 0.696252
33.9642 0.720428
34.0239 0.745688
34.0839 0.771952
34.1441 0.799134
34.2045 0.827143
34.2651 0.855882
34.326 0.885251
34.387 0.915142
34.4482 0.945447
34.5096 0.976052
34.5712 1.00684
34.633 1.03769
34.6949 1.06849
34.757 1.0991
34.8193 1.12941
34.8818 1.1593
34.9444 1.18863
35.0071 1.21729
35.07 1.24515
35.133 1.2721
35.1961 1.29802
35.2593 1.3228
35.3227 1.34632
35.3861 1.36849
35.4497 1.38921
35.5133 1.40838
35.577 1.42592
35.6408 1.44174
35.7046 1.45579
35.7685 1.46798
35.8325 1.47828
35.8964 1.48662
35.9605 1.49297
36.0245 1.49731
36.0886 1.49961
36.1526 1.49985
36.2167 1.49805
36.2808 1.4942
36.3448 1.48833
36.4089 1.48045
36.4729 1.47061
36.5368 1.45885
36.6008 1.44523
36.6646 1.4298
36.7284 1.41263
36.7922 1.39381
36.8558 1.37341
36.9194 1.35153
36.9829 1.32826
37.0463 1.30371
37.1096 1.27798
37.1728 1.25119
37.2358 1.22345
37.2987 1.19488
37.3615 1.1656
37.4242 1.13573
37.4867 1.10541
37.5491 1.07475
37.6112 1.04388
37.6733 1.01292
37.7351 0.982001
37.7968 0.95124
37.8583 0.920754
37.9196 0.890661
37.9807 0.861073
38.0416 0.832097
38.1023 0.803837
38.1628 0.776393
38.223 0.749858
38.2831 0.72432
38.343 0.699864
38.4026 0.676564
38.462 0.654493
38.5212 0.633716
38.5802 0.614289
38.639 0.596267
38.6975 0.579695
38.7559 0.564613
38.8141 0.551056
38.8721 0.539053
38.9299 0.528628
38.9875 0.5198
39.0451 0.512584
39.1025 0.50699
39.1598 0.503027
39.2171 0.500697
39.2743 0.500005
39.3315 0.500948
39.3887 0.503524
39.446 0.507729
39.5033 0.513555
39.5607 0.520991
39.6182 0.530025
39.6759 0.54064
39.7337 0.552816
39.7917 0.566528
39.8498 0.581746
39.9082 0.598434
39.9667 0.616553
40.0255 0.636056
40.0844 0.656892
40.1436 0.679002
40.203 0.702322
40.2626 0.726782
40.3224 0.752307
40.3825 0.778814
40.4427 0.806216
40.5032 0.834421
40.5638 0.863331
40.6247 0.892843
40.6858 0.922851
40.7471 0.953243
40.8085 0.983906
40.8702 1.01472
40.932 1.04557
40.994 1.07633
41.0561 1.10688
41.1185 1.1371
41.1809 1.16685
41.2436 1.19602
41.3063 1.22449
41.3692 1.25213
41.4323 1.27883
41.4954 1.30447
41.5587 1.32893
41.6221 1.35212
41.6855 1.37393
41.7491 1.39426
41.8127 1.41302
41.8765 1.43013
41.9403 1.4455
42.0041 1.45908
42.068 1.4708
42.132 1.4806
42.196 1.48843
42.26 1.49427
42.3241 1.49809
42.3881 1.49986
42.4522 1.49959
42.5163 1.49726
42.5803 1.49289
42.6444 1.4865
42.7084 1.47812
42.7724 1.46779
42.8364 1.45555
42.9003 1.44146
42.9641 1.42558
43.0279 1.40798
43.0916 1.38874
43.1553 1.36796
43.2188 1.34571
43.2823 1.32211
43.3457 1.29724
43.4089 1.27123
43.4721 1.24419
43.5351 1.21622
43.598 1.18746
43.6608 1.15802
43.7234 1.12802
43.7858 1.0976
43.8481 1.06687
43.9103 1.03597
43.9723 1.00501
44.0341 0.974121
44.0957 0.943419
44.1571 0.913023
44.2184 0.883048
44.2794 0.853606
44.3403 0.824803
44.4009 0.796743
44.4614 0.769522
44.5216 0.743234
44.5816 0.717965
44.6414 0.693797
44.701 0.670805
44.7603 0.649059
44.8195 0.628621
44.8784 0.609549
44.9371 0.591893
44.9956 0.575698
45.054 0.561002
45.1121 0.54784
45.17 0.536238
45.2278 0.52622
45.2854 0.517802
45.3429 0.511
45.4003 0.505822
45.4576 0.502276
45.5149 0.500365
45.5721 0.50009
45.6293 0.501451
45.6865 0.504444
45.7438 0.509064
45.8011 0.515302
45.8586 0.523148
45.9161 0.532588
45.9738 0.543604
46.0317 0.556175
46.0897 0.570275
46.1479 0.585872
46.2063 0.60293
46.2649 0.621407
46.3237 0.641256
46.3827 0.662423
46.4419 0.684848
46.5014 0.708467
46.5611 0.733206
46.6209 0.75899
46.681 0.785734
46.7413 0.813351
46.8018 0.841745
46.8626 0.870819
46.9235 0.900468
46.9846 0.930585
47.0459 0.961057
47.1074 0.991771
47.1691 1.02261
47.231 1.05345
47.293 1.08416
47.3552 1.11464
47.4176 1.14475
47.4801 1.17437
47.5428 1.20337
47.6056 1.23164
47.6685 1.25905
47.7316 1.28549
47.7948 1.31083
47.8581 1.33498
47.9215 1.35783
47.985 1.37927
48.0485 1.3992
48.1122 1.41755
48.176 1.43422
48.2398 1.44915
48.3036 1.46225
48.3676 1.47348
48.4315 1.48279
48.4955 1.49012
48.5596 1.49544
48.6236 1.49874
48.6877 1.49999
48.7518 1.49919
48.8158 1.49634
48.8799 1.49145
48.9439 1.48455
49.008 1.47567
49.0719 1.46484
49.1359 1.45212
49.1998 1.43757
49.2636 1.42124
49.3274 1.40322
49.3911 1.38358
49.4547 1.36241
49.5182 1.33981
49.5817 1.31587
49.645 1.2907
49.7083 1.26441
49.7714 1.23712
49.8344 1.20894
49.8972 1.17999
49.96 1.1504
50 1.13119
