0 10 5
0.00754985 9.72946 5.26601
0.0150149 9.45038 5.53158
0.0223335 9.16684 5.793
0.0295464 8.87909 6.05024
0.036692 8.58726 6.30327
0.0437983 8.29175 6.55171
0.0508846 7.99326 6.79488
0.0579647 7.69267 7.03191
0.0650489 7.39097 7.26184
0.0721469 7.08918 7.48371
0.0792699 6.78818 7.69663
0.0864329 6.48869 7.89984
0.0936562 6.1912 8.09272
0.100967 5.89589 8.27478
0.108403 5.60263 8.44564
0.116014 5.31087 8.605
0.123871 5.01955 8.75258
0.13208 4.72675 8.88812
0.140813 4.42894 9.01136
0.150386 4.11939 9.12182
0.161151 3.79285 9.216
0.17031 3.5331 9.27202
0.178813 3.30666 9.30508
0.187266 3.09529 9.32082
0.195393 2.90467 9.32074
0.203275 2.73112 9.3073
0.210998 2.57155 9.28221
0.218619 2.42379 9.24669
0.226179 2.28628 9.20166
0.233711 2.15787 9.14786
0.241238 2.03761 9.0859
0.248783 1.92477 9.01628
0.256363 1.81869 8.93946
0.263995 1.71885 8.85581
0.271694 1.62477 8.76569
0.279472 1.53606 8.66939
0.287345 1.45235 8.5672
0.295323 1.37331 8.45936
0.30342 1.29866 8.34612
0.311648 1.22812 8.22768
0.32002 1.16146 8.10424
0.328547 1.09846 7.97601
0.337244 1.0389 7.84314
0.346122 0.98261 7.70581
0.355196 0.929402 7.56418
0.364481 0.879114 7.4184
0.373991 0.831592 7.2686
0.383742 0.786693 7.11494
0.393753 0.74428 6.95753
0.404041 0.704225 6.7965
0.414627 0.666408 6.63197
0.425533 0.630712 6.46404
0.436784 0.597028 6.29279
0.448408 0.565252 6.11831
0.460435 0.535283 5.94065
0.472904 0.507025 5.75984
0.485855 0.480383 5.57586
0.499343 0.455264 5.38863
0.51343 0.431577 5.19799
0.5282 0.409227 5.00366
0.543762 0.388114 4.80513
0.560272 0.368124 4.60155
0.577966 0.349119 4.39142
0.59724 0.3309 4.17194
0.618858 0.313128 3.93726
0.644152 0.295385 3.67771
0.666608 0.281981 3.46046
0.687637 0.271146 3.26784
0.70858 0.261793 3.086
0.728774 0.253971 2.91976
0.74842 0.247361 2.76624
0.767689 0.241734 2.62319
0.786695 0.236933 2.4891
0.805511 0.232842 2.3629
0.824192 0.229376 2.24379
0.842775 0.226467 2.13112
0.861292 0.224059 2.02439
0.879768 0.222108 1.92315
0.898222 0.220577 1.82702
0.916672 0.219437 1.73567
0.935132 0.218661 1.64881
0.953616 0.218228 1.56618
0.972135 0.218121 1.48754
0.9907 0.218325 1.41267
1.00932 0.218827 1.34136
1.02801 0.219617 1.27344
1.04677 0.220687 1.20873
1.06561 0.222032 1.14707
1.08455 0.223646 1.08831
1.10358 0.225527 1.0323
1.12273 0.227673 0.978922
1.14199 0.230083 0.928044
1.16137 0.232759 0.879549
1.18089 0.235702 0.833325
1.20055 0.238916 0.789267
1.22037 0.242406 0.747275
1.24034 0.246177 0.707254
1.26049 0.250237 0.669114
1.28081 0.254594 0.63277
1.30133 0.259258 0.59814
1.32205 0.26424 0.565147
1.34299 0.269552 0.533717
1.36415 0.275209 0.503781
1.38555 0.281227 0.475271
1.40721 0.287623 0.448123
1.42914 0.294419 0.422278
1.45135 0.301636 0.397676
1.47387 0.3093 0.374263
1.49671 0.317438 0.351987
1.5199 0.32608 0.330797
1.54344 0.335263 0.310645
1.56738 0.345023 0.291486
1.59172 0.355404 0.273277
1.6165 0.366453 0.255977
1.64175 0.378225 0.239545
1.66749 0.390779 0.223946
1.69377 0.404184 0.209143
1.72061 0.418515 0.195103
1.74807 0.43386 0.181792
1.77617 0.450317 0.169181
1.80498 0.467999 0.157239
1.83455 0.487035 0.145938
1.86455 0.507308 0.135381
1.89455 0.528586 0.125667
1.92455 0.55091 0.116725
1.95455 0.574324 0.108494
1.98455 0.598876 0.100916
2.01455 0.624614 0.0939387
2.04455 0.651588 0.0875126
2.07455 0.679854 0.0815936
2.10455 0.709466 0.076141
2.13455 0.740484 0.0711174
2.16455 0.772971 0.0664886
2.19455 0.80699 0.0622231
2.22455 0.84261 0.0582921
2.25455 0.879902 0.0546692
2.28455 0.918941 0.0513301
2.31455 0.959804 0.0482528
2.34455 1.00257 0.0454169
2.37455 1.04733 0.0428039
2.40455 1.09417 0.0403966
2.43455 1.14319 0.0381796
2.46455 1.19447 0.0361385
2.49455 1.24814 0.0342605
2.52455 1.30428 0.0325336
2.55455 1.36301 0.030947
2.58455 1.42446 0.0294909
2.61455 1.48873 0.0281563
2.64455 1.55597 0.0269352
2.67455 1.6263 0.0258203
2.70455 1.69987 0.024805
2.73455 1.77681 0.0238835
2.76455 1.85729 0.0230505
2.79455 1.94145 0.0223016
2.82455 2.02948 0.0216329
2.85455 2.12153 0.0210409
2.88455 2.2178 0.020523
2.91455 2.31846 0.0200771
2.94455 2.42373 0.0197016
2.97455 2.53381 0.0193957
3.00455 2.6489 0.0191592
3.03455 2.76924 0.0189924
3.06455 2.89505 0.0188967
3.09455 3.02659 0.0188743
3.12455 3.16411 0.0189281
3.15455 3.30786 0.0190622
3.18455 3.45812 0.0192822
3.21455 3.61519 0.0195948
3.24455 3.77934 0.0200086
3.27455 3.95089 0.0205343
3.30455 4.13016 0.021185
3.33455 4.31747 0.0219768
3.36455 4.51315 0.0229295
3.39455 4.71756 0.0240676
3.42455 4.93104 0.0254209
3.45455 5.15395 0.0270266
3.48455 5.38666 0.0289308
3.51455 5.62952 0.0311908
3.54455 5.8829 0.0338786
3.57455 6.14714 0.0370847
3.60455 6.42257 0.0409242
3.63455 6.70949 0.0455438
3.66242 6.98653 0.0506978
3.68797 7.24962 0.0563224
3.71161 7.5008 0.0624594
3.73365 7.74173 0.0691565
3.75432 7.97352 0.0764598
3.77379 8.19696 0.0844157
3.79315 8.42402 0.0935574
3.81057 8.63219 0.103011
3.82789 8.84278 0.113772
3.84443 9.04706 0.12553
3.86017 9.24406 0.138282
3.87518 9.43391 0.152079
3.88951 9.61688 0.166984
3.90322 9.79321 0.183064
3.91637 9.96312 0.200388
3.92899 10.1268 0.21903
3.94114 10.2844 0.239066
3.95284 10.436 0.260574
3.96414 10.5818 0.283637
3.97505 10.7217 0.308342
3.98561 10.856 0.334778
3.99584 10.9847 0.363038
4.00577 11.1077 0.393222
4.01541 11.2251 0.42543
4.02478 11.337 0.459772
4.03391 11.4432 0.496359
4.0428 11.5439 0.535308
4.05148 11.6389 0.576743
4.05996 11.7281 0.620795
4.06825 11.8116 0.667598
4.07636 11.8893 0.717298
4.08431 11.9611 0.770047
4.09211 12.0267 0.826004
4.09977 12.0863 0.88534
4.1073 12.1395 0.948236
4.11471 12.1863 1.01489
4.12202 12.2265 1.0855
4.12923 12.2598 1.16029
4.13635 12.286 1.2395
4.14339 12.305 1.3234
4.15037 12.3164 1.41226
4.1573 12.3199 1.50639
4.16418 12.3152 1.60614
4.17103 12.3018 1.71188
4.17786 12.2794 1.82405
4.18468 12.2473 1.94314
4.19152 12.205 2.0697
4.19839 12.1518 2.20439
4.20531 12.0868 2.348
4.21231 12.0089 2.50149
4.21942 11.9168 2.66606
4.22668 11.8088 2.8433
4.23415 11.6825 3.03534
4.24192 11.5346 3.24534
4.25012 11.3598 3.47832
4.25902 11.1487 3.74328
4.26904 10.8839 4.05652
4.2782 10.6175 4.35517
4.28652 10.3562 4.63513
4.29476 10.0802 4.91937
4.30261 9.80281 5.19476
4.31016 9.52348 5.46284
4.31752 9.24082 5.72557
4.32476 8.95414 5.98391
4.33192 8.66333 6.23806
4.33903 8.36872 6.48774
4.34612 8.07092 6.73236
4.3532 7.77078 6.97107
4.36028 7.46928 7.20294
4.36738 7.16741 7.42699
4.37449 6.86613 7.64231
4.38164 6.5662 7.8481
4.38885 6.26816 8.04371
4.39613 5.97228 8.22862
4.40353 5.67852 8.40242
4.41109 5.38645 8.56479
4.41888 5.09516 8.71545
4.42698 4.803 8.85414
4.43556 4.50696 8.98059
4.44487 4.20135 9.09445
4.45535 3.87791 9.19387
4.46477 3.60549 9.25824
4.47343 3.37072 9.29734
4.48202 3.15186 9.31815
4.49024 2.95561 9.32219
4.49819 2.77768 9.31225
4.50595 2.61449 9.29025
4.51359 2.46363 9.25752
4.52116 2.32341 9.21504
4.5287 2.19258 9.1636
4.53623 2.07015 9.10385
4.54376 1.95532 9.0363
4.55133 1.84742 8.96144
4.55895 1.7459 8.87964
4.56663 1.65028 8.79128
4.57438 1.56012 8.69666
4.58223 1.47505 8.59608
4.59018 1.39475 8.48978
4.59824 1.31891 8.37801
4.60643 1.24726 8.26099
4.61476 1.17955 8.13892
4.62324 1.11555 8.01199
4.63189 1.05506 7.88039
4.64072 0.997885 7.74428
4.64974 0.94384 7.60383
4.65896 0.892759 7.45918
4.66841 0.844486 7.31048
4.67809 0.798874 7.15788
4.68803 0.755786 7.0015
4.69824 0.71509 6.84146
4.70874 0.676665 6.67789
4.71955 0.640392 6.51088
4.73071 0.606162 6.34055
4.74222 0.573868 6.16696
4.75414 0.543408 5.99018
4.76648 0.514685 5.81024
4.77929 0.487605 5.62713
4.79262 0.462074 5.44082
4.80654 0.438 5.25115
4.82111 0.415289 5.05788
4.83644 0.393844 4.86058
4.85267 0.373556 4.65851
4.87 0.354294 4.4504
4.88878 0.335883 4.23392
4.90964 0.318034 4.00433
4.93382 0.300268 3.75203
4.95691 0.285809 3.52467
4.9783 0.274287 3.32549
4.99959 0.264365 3.13768
5.02 0.256124 2.96702
5.03979 0.249186 2.81003
5.05915 0.24329 2.6641
5.07823 0.238261 2.52751
5.09709 0.233972 2.39909
5.11581 0.230331 2.27798
5.13441 0.227265 2.16348
5.15295 0.224715 2.05506
5.17143 0.222634 1.95225
5.18989 0.220984 1.85466
5.20834 0.219732 1.76195
5.2268 0.218852 1.6738
5.24527 0.218321 1.58996
5.26378 0.21812 1.51017
5.28233 0.218234 1.43422
5.30094 0.218649 1.36189
5.3196 0.219356 1.29299
5.33834 0.220345 1.22736
5.35716 0.22161 1.16482
5.37607 0.223146 1.10522
5.39507 0.224949 1.04843
5.41418 0.227017 0.994291
5.43341 0.22935 0.942693
5.45276 0.231947 0.893512
5.47223 0.234812 0.846634
5.49185 0.237946 0.801952
5.51162 0.241355 0.759365
5.53155 0.245043 0.718776
5.55164 0.249018 0.680094
5.57191 0.253287 0.643233
5.59237 0.25786 0.608109
5.61303 0.262747 0.574644
5.6339 0.267961 0.542764
5.655 0.273515 0.512398
5.67633 0.279426 0.483476
5.69791 0.28571 0.455936
5.71976 0.292386 0.429716
5.74189 0.299478 0.404756
5.76432 0.307008 0.381
5.78706 0.315004 0.358396
5.81014 0.323495 0.336893
5.83358 0.332515 0.316442
5.8574 0.342102 0.296997
5.88162 0.352296 0.278514
5.90627 0.363145 0.260952
5.93138 0.374699 0.24427
5.95697 0.387018 0.228431
5.98309 0.400166 0.213398
6.00977 0.414217 0.199138
6.03704 0.429256 0.185617
6.06495 0.445376 0.172804
6.09354 0.462687 0.160669
6.12288 0.481311 0.149183
6.15288 0.501299 0.138367
6.18288 0.52228 0.128414
6.21288 0.544295 0.119254
6.24288 0.567387 0.110823
6.27288 0.591602 0.10306
6.30288 0.616989 0.0959127
6.33288 0.643598 0.0893306
6.36288 0.671482 0.0832683
6.39288 0.700695 0.0776838
6.42288 0.731298 0.0725389
6.45288 0.76335 0.0677984
6.48288 0.796916 0.0634301
6.51288 0.832063 0.0594045
6.54288 0.86886 0.0556944
6.57288 0.907382 0.052275
6.60288 0.947705 0.0491236
6.63288 0.989909 0.0462194
6.66288 1.03408 0.0435432
6.69288 1.0803 0.0410777
6.72288 1.12868 0.0388068
6.75288 1.17929 0.0367158
6.78288 1.23225 0.0347916
6.81288 1.28766 0.0330218
6.84288 1.34562 0.0313954
6.87288 1.40627 0.0299022
6.90288 1.46971 0.0285331
6.93288 1.53607 0.0272797
6.96288 1.60548 0.0261346
6.99288 1.67809 0.0250909
7.02288 1.75403 0.0241426
7.05288 1.83346 0.0232843
7.08288 1.91654 0.0225114
7.11288 2.00342 0.0218197
7.14288 2.09428 0.0212056
7.17288 2.1893 0.0206664
7.20288 2.28867 0.0201997
7.23288 2.39257 0.0198038
7.26288 2.50123 0.0194777
7.29288 2.61483 0.0192209
7.32288 2.73362 0.0190337
7.35288 2.85782 0.0189172
7.38288 2.98766 0.0188731
7.41288 3.12341 0.0189043
7.44288 3.26532 0.0190145
7.47288 3.41365 0.0192089
7.50288 3.56871 0.0194937
7.53288 3.73076 0.019877
7.56288 3.90013 0.0203689
7.59288 4.07711 0.0209817
7.62288 4.26204 0.0217305
7.65288 4.45525 0.022634
7.68288 4.65708 0.0237152
7.71288 4.86788 0.0250023
7.74288 5.08801 0.0265302
7.77288 5.31782 0.028342
7.80288 5.55769 0.0304916
7.83288 5.80797 0.0330464
7.86288 6.06901 0.0360908
7.89288 6.34114 0.0397322
7.92288 6.62469 0.0441071
7.95288 6.91992 0.0493906
7.97899 7.1865 0.0549023
8.00307 7.44041 0.0609097
8.02548 7.68373 0.0674656
8.04646 7.91768 0.0746166
8.06621 8.14309 0.0824087
8.08486 8.36062 0.0908889
8.10342 8.58136 0.1006
8.12018 8.78429 0.110652
8.13685 8.9893 0.122063
8.1528 9.1882 0.134514
8.16801 9.38005 0.148002
8.18253 9.56496 0.162581
8.19641 9.74318 0.178316
8.20971 9.91492 0.195276
8.22249 10.0804 0.213531
8.23477 10.2397 0.233158
8.2466 10.393 0.254235
8.258 10.5404 0.276842
8.26903 10.6821 0.301066
8.27969 10.818 0.326995
8.29001 10.9483 0.354721
8.30002 11.0729 0.384341
8.30974 11.192 0.415957
8.31919 11.3054 0.449674
8.32838 11.4133 0.485603
8.33734 11.5155 0.523861
8.34608 11.6121 0.564568
8.35461 11.7031 0.607854
8.36296 11.7882 0.653852
8.37112 11.8676 0.702704
8.37911 11.941 0.75456
8.38695 12.0085 0.809577
8.39465 12.0698 0.867924
8.40222 12.1249 0.929778
8.40967 12.1735 0.995328
8.417 12.2156 1.06478
8.42424 12.2509 1.13834
8.43138 12.2792 1.21626
8.43845 12.3003 1.29878
8.44544 12.3139 1.38618
8.45238 12.3197 1.47877
8.45928 12.3174 1.57686
8.46613 12.3066 1.68084
8.47297 12.2868 1.79112
8.47979 12.2576 1.90816
8.48663 12.2183 2.03251
8.49348 12.1683 2.16479
8.50039 12.1067 2.30575
8.50736 12.0326 2.45629
8.51443 11.9448 2.61753
8.52164 11.8416 2.79093
8.52905 11.7208 2.97845
8.53672 11.5796 3.18289
8.54478 11.4133 3.40857
8.55344 11.214 3.66302
8.56309 10.9667 3.9605
8.5726 10.6975 4.26701
8.58113 10.4355 4.5514
8.58909 10.1739 4.82409
8.59701 9.89896 5.10039
8.60464 9.6208 5.37043
8.61205 9.33946 5.63482
8.61933 9.05421 5.89463
8.62651 8.76482 6.15024
8.63364 8.47147 6.40153
8.64073 8.1747 6.64799
8.64782 7.87527 6.88886
8.6549 7.57412 7.12322
8.66199 7.27227 7.35009
8.66909 6.97069 7.56854
8.67623 6.67021 7.77773
8.68341 6.37147 7.97694
8.69067 6.07483 8.16562
8.69802 5.78036 8.34332
8.70552 5.48777 8.50969
8.71322 5.19636 8.66445
8.7212 4.90475 8.80732
8.72959 4.61053 8.93807
8.7386 4.30915 9.05636
8.74863 3.99238 9.16136
8.75847 3.70118 9.23782
8.76735 3.45442 9.28528
8.77571 3.23645 9.31203
8.78402 3.03274 9.32237
8.79206 2.84802 9.31784
8.79988 2.67919 9.30055
8.80757 2.52356 9.27205
8.81517 2.37919 9.23342
8.82271 2.24468 9.18554
8.83024 2.11894 9.1291
8.83777 2.00111 9.06466
8.84533 1.89047 8.99271
8.85292 1.78642 8.91369
8.86057 1.68845 8.82796
8.8683 1.59612 8.73585
8.8761 1.50903 8.63765
8.88401 1.42683 8.53364
8.89202 1.34921 8.42407
8.90016 1.27588 8.30916
8.90843 1.2066 8.18912
8.91685 1.14112 8.06414
8.92543 1.07923 7.93442
8.93418 1.02073 7.80012
8.94312 0.965434 7.66142
8.95226 0.913168 7.51845
8.96162 0.863772 7.37138
8.9712 0.817096 7.22035
8.98103 0.772999 7.06549
8.99113 0.731346 6.90692
9.00151 0.692012 6.74477
9.01219 0.654879 6.57915
9.02321 0.619832 6.41016
9.03457 0.586763 6.23788
9.04632 0.55557 6.06239
9.05848 0.526153 5.88373
9.0711 0.498417 5.70192
9.08421 0.472267 5.51692
9.09788 0.447612 5.32863
9.11218 0.424359 5.13687
9.12718 0.402412 4.94127
9.14303 0.381668 4.74126
9.15988 0.362007 4.53581
9.17802 0.343276 4.32312
9.19793 0.325246 4.09968
9.22056 0.307507 3.85805
9.24473 0.291337 3.61426
9.2667 0.27876 3.40497
9.28746 0.268479 3.21763
9.30814 0.259589 3.04063
9.32816 0.252117 2.87806
9.34769 0.245786 2.7275
9.36688 0.240391 2.58694
9.38583 0.235787 2.45503
9.40461 0.231869 2.33077
9.42326 0.228556 2.21342
9.44182 0.225784 2.10237
9.46032 0.2235 1.99712
9.47879 0.221664 1.89727
9.49724 0.220239 1.80243
9.5157 0.219197 1.7123
9.53416 0.218514 1.62658
9.55265 0.218169 1.54503
9.57118 0.218145 1.4674
9.58976 0.218429 1.39349
9.6084 0.219008 1.3231
9.6271 0.219873 1.25604
9.64589 0.221016 1.19215
9.66475 0.222432 1.13127
9.68371 0.224117 1.07325
9.70278 0.226068 1.01795
9.72195 0.228284 0.965242
9.74124 0.230764 0.915005
9.76066 0.23351 0.86712
9.78022 0.236525 0.821478
9.79992 0.239811 0.777975
9.81978 0.243375 0.736513
9.83979 0.247222 0.696998
9.85999 0.251359 0.65934
9.88036 0.255796 0.623457
9.90093 0.260543 0.589267
9.92171 0.26561 0.556694
9.9427 0.271012 0.525666
9.96393 0.276763 0.496112
9.9854 0.282879 0.467968
10.0071 0.289379 0.441171
10.0291 0.296284 0.415659
10.0514 0.303617 0.391377
10.074 0.311403 0.368269
10.097 0.319671 0.346285
10.1202 0.328452 0.325374
10.1439 0.337783 0.305488
10.1679 0.347703 0.286585
10.1924 0.358256 0.26862
10.2173 0.369491 0.251552
10.2426 0.381463 0.235345
10.2685 0.394235 0.219959
10.295 0.407877 0.205361
10.322 0.422467 0.191516
10.3496 0.438096 0.178393
10.3779 0.454865 0.165962
10.4069 0.472891 0.154192
10.4366 0.492309 0.143056
10.4666 0.512844 0.132729
10.4966 0.534395 0.123226
10.5266 0.557003 0.114478
10.5566 0.580714 0.106426
10.5866 0.605575 0.099012
10.6166 0.631635 0.0921849
10.6466 0.658946 0.0858973
10.6766 0.687563 0.0801056
10.7066 0.717542 0.0747702
10.7366 0.748943 0.0698544
10.7666 0.781829 0.0653247
10.7966 0.816266 0.0611505
10.8266 0.852322 0.0573036
10.8566 0.890069 0.0537581
10.8866 0.929583 0.0504905
10.9166 0.970942 0.047479
10.9466 1.01423 0.0447039
10.9766 1.05953 0.0421469
11.0066 1.10694 0.0397915
11.0366 1.15655 0.0376224
11.0666 1.20845 0.0356258
11.0966 1.26276 0.0337889
11.1266 1.31958 0.0321001
11.1566 1.37902 0.030549
11.1866 1.4412 0.0291259
11.2166 1.50625 0.0278222
11.2466 1.57429 0.0266299
11.2766 1.64547 0.0255419
11.3066 1.71991 0.024552
11.3366 1.79777 0.0236544
11.3666 1.87921 0.0228442
11.3966 1.96438 0.0221169
11.4266 2.05346 0.0214687
11.4566 2.14661 0.0208966
11.4866 2.24402 0.020398
11.5166 2.34589 0.0199709
11.5466 2.45241 0.0196139
11.5766 2.56379 0.0193263
11.6066 2.68025 0.0191082
11.6366 2.80202 0.0189601
11.6666 2.92933 0.0188836
11.6966 3.06242 0.0188809
11.7266 3.20156 0.0189556
11.7566 3.34701 0.0191119
11.7866 3.49905 0.0193556
11.8166 3.65796 0.0196942
11.8466 3.82404 0.0201365
11.8766 3.99761 0.0206939
11.9066 4.17897 0.0213803
11.9366 4.36847 0.0222126
11.9666 4.56643 0.0232118
11.9966 4.7732 0.0244036
12.0266 4.98915 0.0258199
12.0566 5.21462 0.0274997
12.0866 5.44998 0.029492
12.1166 5.69559 0.0318577
12.1466 5.95181 0.034673
12.1766 6.21898 0.0380346
12.2066 6.49743 0.0420649
12.2366 6.78744 0.0469206
12.2639 7.06073 0.0522075
12.2888 7.32031 0.0579692
12.312 7.56852 0.0642567
12.3337 7.80683 0.0711171
12.354 8.03623 0.0785966
12.3731 8.25747 0.0867416
12.3922 8.48217 0.0960886
12.4094 8.6884 0.105758
12.4264 8.89691 0.116754
12.4428 9.0992 0.128762
12.4583 9.29429 0.14178
12.4731 9.48232 0.15586
12.4873 9.66353 0.171065
12.5009 9.83817 0.187463
12.5139 10.0064 0.205124
12.5264 10.1685 0.224122
12.5384 10.3245 0.244535
12.55 10.4746 0.266441
12.5612 10.6189 0.289924
12.572 10.7573 0.315071
12.5825 10.8902 0.341974
12.5926 11.0173 0.370727
12.6025 11.1389 0.401429
12.612 11.2549 0.434184
12.6213 11.3653 0.4691
12.6304 11.4701 0.506292
12.6392 11.5692 0.545878
12.6479 11.6627 0.587984
12.6563 11.7505 0.63274
12.6645 11.8325 0.680285
12.6726 11.9086 0.730766
12.6805 11.9788 0.784336
12.6883 12.0429 0.841158
12.6959 12.1008 0.901406
12.7034 12.1524 0.965263
12.7108 12.1974 1.03293
12.7181 12.2358 1.10461
12.7252 12.2673 1.18053
12.7323 12.2917 1.26094
12.7394 12.3087 1.3461
12.7463 12.3181 1.4363
12.7532 12.3195 1.53187
12.7601 12.3126 1.63314
12.767 12.2969 1.74052
12.7738 12.272 1.85445
12.7806 12.2373 1.97542
12.7875 12.1922 2.10404
12.7943 12.136 2.24098
12.8013 12.0677 2.38707
12.8083 11.9863 2.54332
12.8154 11.8902 2.71103
12.8228 11.7777 2.89189
12.8303 11.6462 3.08826
12.8382 11.4919 3.30367
12.8465 11.3088 3.54388
12.8556 11.0857 3.81958
12.866 10.8046 4.14697
12.8749 10.5402 4.4392
12.883 10.2791 4.71567
12.8911 10.0038 4.99615
12.8989 9.7263 5.26907
12.9063 9.44619 5.5355
12.9137 9.16247 5.79697
12.9209 8.87464 6.05416
12.928 8.58275 6.30712
12.9351 8.28719 6.55549
12.9422 7.98865 6.79857
12.9493 7.68804 7.0355
12.9564 7.38633 7.26532
12.9635 7.08454 7.48705
12.9706 6.78356 7.69983
12.9778 6.48411 7.90289
12.985 6.18665 8.0956
12.9923 5.89137 8.27749
12.9997 5.59813 8.44818
13.0074 5.30639 8.60736
13.0152 5.01507 8.75475
13.0234 4.72223 8.89011
13.0322 4.42429 9.01315
13.0418 4.11449 9.12341
13.0525 3.78788 9.21724
13.0617 3.52883 9.27278
13.0702 3.30288 9.3055
13.0786 3.09193 9.32094
13.0867 2.90163 9.32062
13.0946 2.72835 9.30697
13.1023 2.56898 9.2817
13.11 2.4214 9.24602
13.1175 2.28406 9.20083
13.1251 2.15579 9.14689
13.1326 2.03567 9.08479
13.1401 1.92294 9.01506
13.1477 1.81697 8.93811
13.1553 1.71723 8.85436
13.163 1.62325 8.76413
13.1708 1.53462 8.66773
13.1787 1.45099 8.56544
13.1867 1.37203 8.45751
13.1948 1.29744 8.34418
13.203 1.22697 8.22565
13.2114 1.16038 8.10214
13.2199 1.09743 7.97382
13.2286 1.03793 7.84088
13.2375 0.981695 7.70348
13.2466 0.928537 7.56177
13.2559 0.878296 7.41592
13.2654 0.83082 7.26606
13.2751 0.785963 7.11233
13.2851 0.743591 6.95487
13.2954 0.703574 6.79378
13.306 0.665793 6.62919
13.3169 0.630131 6.4612
13.3282 0.596481 6.2899
13.3398 0.564736 6.11537
13.3519 0.534796 5.93765
13.3643 0.506566 5.75679
13.3773 0.47995 5.57275
13.3908 0.454856 5.38547
13.4049 0.431192 5.19477
13.4197 0.408864 5.00037
13.4353 0.38777 4.80177
13.4518 0.367799 4.59809
13.4695 0.348809 4.38784
13.4888 0.3306 4.16816
13.5105 0.312831 3.93314
13.5358 0.295095 3.67322
13.5582 0.281751 3.45655
13.5793 0.270956 3.26431
13.6002 0.261637 3.08283
13.6204 0.25384 2.91684
13.64 0.24725 2.76353
13.6593 0.241639 2.62066
13.6783 0.236852 2.48672
13.6971 0.232774 2.36066
13.7158 0.229318 2.24167
13.7343 0.226418 2.12912
13.7529 0.224019 2.02249
13.7713 0.222076 1.92134
13.7898 0.220553 1.8253
13.8082 0.21942 1.73404
13.8267 0.21865 1.64727
13.8452 0.218224 1.56471
13.8637 0.218122 1.48614
13.8823 0.218331 1.41133
13.9009 0.218838 1.34009
13.9196 0.219634 1.27223
13.9383 0.220709 1.20757
13.9572 0.222059 1.14597
13.9761 0.223678 1.08726
13.9952 0.225564 1.0313
14.0143 0.227714 0.977969
14.0336 0.230129 0.927136
14.053 0.23281 0.878683
14.0725 0.235758 0.8325
14.0921 0.238977 0.78848
14.112 0.242473 0.746525
14.1319 0.246249 0.706539
14.1521 0.250315 0.668433
14.1724 0.254677 0.632121
14.1929 0.259346 0.597522
14.2137 0.264334 0.564558
14.2346 0.269652 0.533156
14.2558 0.275315 0.503247
14.2772 0.28134 0.474762
14.2988 0.287744 0.447639
14.3208 0.294547 0.421816
14.343 0.301773 0.397237
14.3655 0.309445 0.373846
14.3884 0.317591 0.35159
14.4115 0.326243 0.330419
14.4351 0.335436 0.310286
14.459 0.345207 0.291145
14.4834 0.3556 0.272953
14.5082 0.366662 0.255668
14.5334 0.378447 0.239253
14.5592 0.391017 0.223668
14.5855 0.404438 0.208879
14.6123 0.418787 0.194853
14.6398 0.434151 0.181555
14.6679 0.45063 0.168956
14.6967 0.468335 0.157026
14.7263 0.487397 0.145737
14.7563 0.507688 0.135197
14.7863 0.528984 0.125496
14.8163 0.551328 0.116569
14.8463 0.574763 0.10835
14.8763 0.599336 0.100784
14.9063 0.625095 0.0938164
14.9363 0.652093 0.0873999
14.9663 0.680383 0.0814898
14.9963 0.71002 0.0760454
15 0.713751 0.0754078
