-4 -1 -1 2.91464e-09 0.002
-3.995 -1 -1 3.02432e-09 0.002
-3.99 -1 -1 3.13792e-09 0.002
-3.985 -1 -1 3.25556e-09 0.002
-3.98 -1 -1 3.37739e-09 0.002
-3.975 -1 -1 3.50354e-09 0.002
-3.97 -1 -1 3.63416e-09 0.002
-3.965 -1 -1 3.7694e-09 0.002
-3.96 -1 -1 3.9094e-09 0.002
-3.955 -1 -1 4.05432e-09 0.002
-3.95 -1 -1 4.20433e-09 0.002
-3.945 -1 -1 4.3596e-09 0.002
-3.94 -1 -1 4.52029e-09 0.002
-3.935 -1 -1 4.68658e-09 0.002
-3.93 -1 -1 4.85865e-09 0.002
-3.925 -1 -1 5.03669e-09 0.002
-3.92 -1 -1 5.2209e-09 0.002
-3.915 -1 -1 5.41147e-09 0.002
-3.91 -1 -1 5.60861e-09 0.002
-3.905 -1 -1 5.81252e-09 0.002
-3.9 -1 -1 6.02343e-09 0.002
-3.895 -1 -1 6.24156e-09 0.002
-3.89 -1 -1 6.46713e-09 0.002
-3.885 -1 -1 6.70038e-09 0.002
-3.88 -1 -1 6.94155e-09 0.002
-3.875 -1 -1 7.1909e-09 0.002
-3.87 -1 -1 7.44868e-09 0.002
-3.865 -1 -1 7.71514e-09 0.002
-3.86 -1 -1 7.99058e-09 0.002
-3.855 -1 -1 8.27525e-09 0.002
-3.85 -1 -1 8.56945e-09 0.002
-3.845 -1 -1 8.87348e-09 0.002
-3.84 -1 -1 9.18763e-09 0.002
-3.835 -1 -1 9.51221e-09 0.002
-3.83 -1 -1 9.84755e-09 0.002
-3.825 -1 -1 1.0194e-08 0.002
-3.82 -1 -1 1.05518e-08 0.002
-3.815 -1 -1 1.09214e-08 0.002
-3.81 -1 -1 1.13031e-08 0.002
-3.805 -1 -1 1.16973e-08 0.002
-3.8 -1 -1 1.21044e-08 0.002
-3.795 -1 -1 1.25246e-08 0.002
-3.79 -1 -1 1.29586e-08 0.002
-3.785 -1 -1 1.34065e-08 0.002
-3.78 -1 -1 1.38689e-08 0.002
-3.775 -1 -1 1.43462e-08 0.002
-3.77 -1 -1 1.48388e-08 0.002
-3.765 -1 -1 1.53471e-08 0.002
-3.76 -1 -1 1.58717e-08 0.002
-3.755 -1 -1 1.64129e-08 0.002
-3.75 -1 -1 1.69713e-08 0.002
-3.745 -1 -1 1.75473e-08 0.002
-3.74 -1 -1 1.81416e-08 0.002
-3.735 -1 -1 1.87544e-08 0.002
-3.73 -1 -1 1.93865e-08 0.002
-3.725 -1 -1 2.00384e-08 0.002
-3.72 -1 -1 2.07105e-08 0.002
-3.715 -1 -1 2.14035e-08 0.002
-3.71 -1 -1 2.2118e-08 0.002
-3.705 -1 -1 2.28545e-08 0.002
-3.7 -1 -1 2.36137e-08 0.002
-3.695 -1 -1 2.43961e-08 0.002
-3.69 -1 -1 2.52025e-08 0.002
-3.685 -1 -1 2.60334e-08 0.002
-3.68 -1 -1 2.68895e-08 0.002
-3.675 -1 -1 2.77716e-08 0.002
-3.67 -1 -1 2.86803e-08 0.002
-3.665 -1 -1 2.96163e-08 0.002
-3.66 -1 -1 3.05803e-08 0.002
-3.655 -1 -1 3.15732e-08 0.002
-3.65 -1 -1 3.25956e-08 0.002
-3.645 -1 -1 3.36482e-08 0.002
-3.64 -1 -1 3.4732e-08 0.002
-3.635 -1 -1 3.58477e-08 0.002
-3.63 -1 -1 3.69962e-08 0.002
-3.625 -1 -1 3.81782e-08 0.002
-3.62 -1 -1 3.93946e-08 0.002
-3.615 -1 -1 4.06463e-08 0.002
-3.61 -1 -1 4.19342e-08 0.002
-3.605 -1 -1 4.32591e-08 0.002
-3.6 -1 -1 4.46221e-08 0.002
-3.595 -1 -1 4.6024e-08 0.002
-3.59 -1 -1 4.74658e-08 0.002
-3.585 -1 -1 4.89485e-08 0.002
-3.58 -1 -1 5.0473e-08 0.002
-3.575 -1 -1 5.20404e-08 0.002
-3.57 -1 -1 5.36516e-08 0.002
-3.565 -1 -1 5.53078e-08 0.002
-3.56 -1 -1 5.70099e-08 0.002
-3.555 -1 -1 5.87591e-08 0.002
-3.55 -1 -0.999999 6.05564e-08 0.002
-3.545 -1 -0.999999 6.2403e-08 0.002
-3.54 -1 -0.999999 6.42999e-08 0.002
-3.535 -0.999999 -0.999999 6.62484e-08 0.002
-3.53 -0.999999 -0.999999 6.82495e-08 0.002
-3.525 -0.999999 -0.999999 7.03044e-08 0.002
-3.52 -0.999999 -0.999999 7.24143e-08 0.002
-3.515 -0.999999 -0.999999 7.45804e-08 0.002
-3.51 -0.999999 -0.999999 7.6804e-08 0.002
-3.505 -0.999999 -0.999999 7.90862e-08 0.002
-3.5 -0.999999 -0.999999 8.14283e-08 0.002
-3.495 -0.999999 -0.999999 8.38316e-08 0.002
-3.49 -0.999999 -0.999999 8.62973e-08 0.002
-3.485 -0.999999 -0.999999 8.88267e-08 0.002
-3.48 -0.999999 -0.999999 9.14211e-08 0.002
-3.475 -0.999999 -0.999999 9.40819e-08 0.002
-3.47 -0.999999 -0.999999 9.68102e-08 0.002
-3.465 -0.999999 -0.999999 9.96075e-08 0.002
-3.46 -0.999999 -0.999999 1.02475e-07 0.002
-3.455 -0.999999 -0.999999 1.05414e-07 0.002
-3.45 -0.999999 -0.999999 1.08427e-07 0.002
-3.445 -0.999999 -0.999999 1.11513e-07 0.002
-3.44 -0.999999 -0.999999 1.14676e-07 0.002
-3.435 -0.999999 -0.999999 1.17915e-07 0.002
-3.43 -0.999999 -0.999999 1.21233e-07 0.002
-3.425 -0.999999 -0.999999 1.2463e-07 0.002
-3.42 -0.999999 -0.999999 1.28109e-07 0.002
-3.415 -0.999999 -0.999999 1.31671e-07 0.002
-3.41 -0.999999 -0.999999 1.35316e-07 0.002
-3.405 -0.999999 -0.999999 1.39047e-07 0.002
-3.4 -0.999999 -0.999998 1.42864e-07 0.002
-3.395 -0.999999 -0.999998 1.4677e-07 0.002
-3.39 -0.999999 -0.999998 1.50765e-07 0.002
-3.385 -0.999998 -0.999998 1.5485e-07 0.002
-3.38 -0.999998 -0.999998 1.59028e-07 0.002
-3.375 -0.999998 -0.999998 1.63299e-07 0.002
-3.37 -0.999998 -0.999998 1.67664e-07 0.002
-3.365 -0.999998 -0.999998 1.72126e-07 0.002
-3.36 -0.999998 -0.999998 1.76684e-07 0.002
-3.355 -0.999998 -0.999998 1.81341e-07 0.002
-3.35 -0.999998 -0.999998 1.86098e-07 0.002
-3.345 -0.999998 -0.999998 1.90955e-07 0.002
-3.34 -0.999998 -0.999998 1.95914e-07 0.002
-3.335 -0.999998 -0.999998 2.00976e-07 0.002
-3.33 -0.999998 -0.999998 2.06142e-07 0.002
-3.325 -0.999998 -0.999997 2.11413e-07 0.002
-3.32 -0.999998 -0.999997 2.16791e-07 0.002
-3.315 -0.999997 -0.999997 2.22275e-07 0.002
-3.31 -0.999997 -0.999997 2.27866e-07 0.002
-3.305 -0.999997 -0.999997 2.33567e-07 0.002
-3.3 -0.999997 -0.999997 2.39377e-07 0.002
-3.295 -0.999997 -0.999997 2.45296e-07 0.002
-3.29 -0.999997 -0.999997 2.51326e-07 0.002
-3.285 -0.999997 -0.999997 2.57468e-07 0.002
-3.28 -0.999997 -0.999996 2.6372e-07 0.002
-3.275 -0.999997 -0.999996 2.70085e-07 0.002
-3.27 -0.999997 -0.999996 2.76562e-07 0.002
-3.265 -0.999996 -0.999996 2.83151e-07 0.002
-3.26 -0.999996 -0.999996 2.89852e-07 0.002
-3.255 -0.999996 -0.999996 2.96665e-07 0.002
-3.25 -0.999996 -0.999996 3.03591e-07 0.002
-3.245 -0.999996 -0.999996 3.10628e-07 0.002
-3.24 -0.999996 -0.999995 3.17777e-07 0.002
-3.235 -0.999996 -0.999995 3.25036e-07 0.002
-3.23 -0.999995 -0.999995 3.32405e-07 0.002
-3.225 -0.999995 -0.999995 3.39884e-07 0.002
-3.22 -0.999995 -0.999995 3.4747e-07 0.002
-3.215 -0.999995 -0.999995 3.55163e-07 0.00199999
-3.21 -0.999995 -0.999994 3.62962e-07 0.00199999
-3.205 -0.999995 -0.999994 3.70864e-07 0.00199999
-3.2 -0.999994 -0.999994 3.78868e-07 0.00199999
-3.195 -0.999994 -0.999994 3.86972e-07 0.00199999
-3.19 -0.999994 -0.999994 3.95174e-07 0.00199999
-3.185 -0.999994 -0.999993 4.03471e-07 0.00199999
-3.18 -0.999994 -0.999993 4.11861e-07 0.00199999
-3.175 -0.999993 -0.999993 4.2034e-07 0.00199999
-3.17 -0.999993 -0.999993 4.28906e-07 0.00199999
-3.165 -0.999993 -0.999992 4.37554e-07 0.00199999
-3.16 -0.999993 -0.999992 4.46282e-07 0.00199999
-3.155 -0.999992 -0.999992 4.55084e-07 0.00199999
-3.15 -0.999992 -0.999992 4.63956e-07 0.00199999
-3.145 -0.999992 -0.999991 4.72894e-07 0.00199999
-3.14 -0.999992 -0.999991 4.81893e-07 0.00199999
-3.135 -0.999991 -0.999991 4.90946e-07 0.00199999
-3.13 -0.999991 -0.99999 5.00049e-07 0.00199999
-3.125 -0.999991 -0.99999 5.09195e-07 0.00199999
-3.12 -0.99999 -0.99999 5.18376e-07 0.00199999
-3.115 -0.99999 -0.999989 5.27587e-07 0.00199999
-3.11 -0.99999 -0.999989 5.36819e-07 0.00199999
-3.105 -0.999989 -0.999989 5.46064e-07 0.00199999
-3.1 -0.999989 -0.999988 5.55314e-07 0.00199999
-3.095 -0.999989 -0.999988 5.6456e-07 0.00199999
-3.09 -0.999988 -0.999988 5.73792e-07 0.00199999
-3.085 -0.999988 -0.999987 5.82999e-07 0.00199999
-3.08 -0.999987 -0.999987 5.92172e-07 0.00199999
-3.075 -0.999987 -0.999986 6.01299e-07 0.00199999
-3.07 -0.999986 -0.999986 6.10368e-07 0.00199999
-3.065 -0.999986 -0.999985 6.19366e-07 0.00199999
-3.06 -0.999986 -0.999985 6.2828e-07 0.00199999
-3.055 -0.999985 -0.999984 6.37097e-07 0.00199999
-3.05 -0.999985 -0.999984 6.458e-07 0.00199998
-3.045 -0.999984 -0.999983 6.54376e-07 0.00199998
-3.04 -0.999984 -0.999983 6.62807e-07 0.00199998
-3.035 -0.999983 -0.999982 6.71076e-07 0.00199998
-3.03 -0.999982 -0.999982 6.79167e-07 0.00199998
-3.025 -0.999982 -0.999981 6.87059e-07 0.00199998
-3.02 -0.999981 -0.999981 6.94733e-07 0.00199998
-3.015 -0.999981 -0.99998 7.02169e-07 0.00199998
-3.01 -0.99998 -0.999979 7.09344e-07 0.00199998
-3.005 -0.999979 -0.999979 7.16237e-07 0.00199998
-3 -0.999979 -0.999978 7.22823e-07 0.00199998
-2.995 -0.999978 -0.999977 7.29078e-07 0.00199998
-2.99 -0.999977 -0.999976 7.34976e-07 0.00199998
-2.985 -0.999976 -0.999976 7.4049e-07 0.00199998
-2.98 -0.999976 -0.999975 7.45591e-07 0.00199998
-2.975 -0.999975 -0.999974 7.5025e-07 0.00199997
-2.97 -0.999974 -0.999973 7.54436e-07 0.00199997
-2.965 -0.999973 -0.999972 7.58117e-07 0.00199997
-2.96 -0.999972 -0.999972 7.61259e-07 0.00199997
-2.955 -0.999971 -0.999971 7.63827e-07 0.00199997
-2.95 -0.999971 -0.99997 7.65785e-07 0.00199997
-2.945 -0.99997 -0.999969 7.67095e-07 0.00199997
-2.94 -0.999969 -0.999968 7.67717e-07 0.00199997
-2.935 -0.999968 -0.999967 7.6761e-07 0.00199997
-2.93 -0.999967 -0.999966 7.6673e-07 0.00199997
-2.925 -0.999966 -0.999965 7.65033e-07 0.00199997
-2.92 -0.999964 -0.999964 7.62474e-07 0.00199996
-2.915 -0.999963 -0.999963 7.59002e-07 0.00199996
-2.91 -0.999962 -0.999961 7.54568e-07 0.00199996
-2.905 -0.999961 -0.99996 7.49119e-07 0.00199996
-2.9 -0.99996 -0.999959 7.42601e-07 0.00199996
-2.895 -0.999958 -0.999958 7.34958e-07 0.00199996
-2.89 -0.999957 -0.999956 7.26131e-07 0.00199996
-2.885 -0.999956 -0.999955 7.16058e-07 0.00199996
-2.88 -0.999954 -0.999954 7.04677e-07 0.00199995
-2.875 -0.999953 -0.999952 6.91921e-07 0.00199995
-2.87 -0.999951 -0.999951 6.77723e-07 0.00199995
-2.865 -0.99995 -0.999949 6.62011e-07 0.00199995
-2.86 -0.999948 -0.999948 6.44712e-07 0.00199995
-2.855 -0.999947 -0.999946 6.2575e-07 0.00199995
-2.85 -0.999945 -0.999944 6.05046e-07 0.00199994
-2.845 -0.999943 -0.999943 5.82517e-07 0.00199994
-2.84 -0.999941 -0.999941 5.5808e-07 0.00199994
-2.835 -0.99994 -0.999939 5.31646e-07 0.00199994
-2.83 -0.999938 -0.999937 5.03124e-07 0.00199994
-2.825 -0.999936 -0.999935 4.72419e-07 0.00199994
-2.82 -0.999934 -0.999933 4.39433e-07 0.00199993
-2.815 -0.999932 -0.999931 4.04066e-07 0.00199993
-2.81 -0.99993 -0.999929 3.66213e-07 0.00199993
-2.805 -0.999928 -0.999927 3.25765e-07 0.00199993
-2.8 -0.999925 -0.999925 2.82609e-07 0.00199993
-2.795 -0.999923 -0.999923 2.3663e-07 0.00199992
-2.79 -0.999921 -0.99992 1.87707e-07 0.00199992
-2.785 -0.999918 -0.999918 1.35716e-07 0.00199992
-2.78 -0.999916 -0.999916 8.05289e-08 0.00199992
-2.775 -0.999913 -0.999913 2.20121e-08 0.00199991
-2.77 -0.99991 -0.99991 3.99715e-08 0.00199991
-2.765 -0.999908 -0.999908 1.05564e-07 0.00199991
-2.76 -0.999905 -0.999905 1.74912e-07 0.0019999
-2.755 -0.999902 -0.999902 2.48168e-07 0.0019999
-2.75 -0.999899 -0.999899 3.25487e-07 0.0019999
-2.745 -0.999896 -0.999896 4.07032e-07 0.0019999
-2.74 -0.999893 -0.999893 4.9297e-07 0.00199989
-2.735 -0.99989 -0.99989 5.83473e-07 0.00199989
-2.73 -0.999886 -0.999887 6.7872e-07 0.00199989
-2.725 -0.999883 -0.999884 7.78894e-07 0.00199988
-2.72 -0.999879 -0.99988 8.84186e-07 0.00199988
-2.715 -0.999876 -0.999877 9.9479e-07 0.00199988
-2.71 -0.999872 -0.999873 1.11091e-06 0.00199987
-2.705 -0.999868 -0.999869 1.23275e-06 0.00199987
-2.7 -0.999864 -0.999866 1.36053e-06 0.00199986
-2.695 -0.99986 -0.999862 1.49447e-06 0.00199986
-2.69 -0.999856 -0.999858 1.6348e-06 0.00199986
-2.685 -0.999852 -0.999854 1.78176e-06 0.00199985
-2.68 -0.999847 -0.999849 1.93558e-06 0.00199985
-2.675 -0.999843 -0.999845 2.09652e-06 0.00199984
-2.67 -0.999838 -0.999841 2.26484e-06 0.00199984
-2.665 -0.999834 -0.999836 2.44079e-06 0.00199983
-2.66 -0.999829 -0.999831 2.62467e-06 0.00199983
-2.655 -0.999824 -0.999826 2.81674e-06 0.00199982
-2.65 -0.999818 -0.999822 3.0173e-06 0.00199982
-2.645 -0.999813 -0.999816 3.22665e-06 0.00199981
-2.64 -0.999808 -0.999811 3.44509e-06 0.00199981
-2.635 -0.999802 -0.999806 3.67295e-06 0.0019998
-2.63 -0.999796 -0.9998 3.91055e-06 0.0019998
-2.625 -0.99979 -0.999795 4.15822e-06 0.00199979
-2.62 -0.999784 -0.999789 4.41632e-06 0.00199978
-2.615 -0.999778 -0.999783 4.6852e-06 0.00199978
-2.61 -0.999772 -0.999777 4.96522e-06 0.00199977
-2.605 -0.999765 -0.99977 5.25676e-06 0.00199977
-2.6 -0.999758 -0.999764 5.56022e-06 0.00199976
-2.595 -0.999751 -0.999757 5.87598e-06 0.00199975
-2.59 -0.999744 -0.999751 6.20446e-06 0.00199974
-2.585 -0.999737 -0.999744 6.54608e-06 0.00199974
-2.58 -0.999729 -0.999736 6.90127e-06 0.00199973
-2.575 -0.999722 -0.999729 7.27049e-06 0.00199972
-2.57 -0.999714 -0.999722 7.65418e-06 0.00199971
-2.565 -0.999706 -0.999714 8.05282e-06 0.00199971
-2.56 -0.999697 -0.999706 8.46689e-06 0.0019997
-2.555 -0.999689 -0.999698 8.89688e-06 0.00199969
-2.55 -0.99968 -0.999689 9.34332e-06 0.00199968
-2.545 -0.999671 -0.999681 9.80672e-06 0.00199967
-2.54 -0.999662 -0.999672 1.02876e-05 0.00199966
-2.535 -0.999652 -0.999663 1.07866e-05 0.00199965
-2.53 -0.999642 -0.999654 1.13042e-05 0.00199964
-2.525 -0.999632 -0.999644 1.18409e-05 0.00199963
-2.52 -0.999622 -0.999635 1.23975e-05 0.00199962
-2.515 -0.999612 -0.999625 1.29745e-05 0.00199961
-2.51 -0.999601 -0.999614 1.35726e-05 0.0019996
-2.505 -0.99959 -0.999604 1.41924e-05 0.00199959
-2.5 -0.999578 -0.999593 1.48345e-05 0.00199958
-2.495 -0.999567 -0.999582 1.54996e-05 0.00199957
-2.49 -0.999555 -0.999571 1.61885e-05 0.00199955
-2.485 -0.999542 -0.999559 1.69019e-05 0.00199954
-2.48 -0.99953 -0.999547 1.76404e-05 0.00199953
-2.475 -0.999517 -0.999535 1.84049e-05 0.00199952
-2.47 -0.999503 -0.999523 1.91962e-05 0.0019995
-2.465 -0.99949 -0.99951 2.00149e-05 0.00199949
-2.46 -0.999476 -0.999497 2.0862e-05 0.00199948
-2.455 -0.999461 -0.999483 2.17382e-05 0.00199946
-2.45 -0.999447 -0.999469 2.26444e-05 0.00199945
-2.445 -0.999432 -0.999455 2.35815e-05 0.00199943
-2.44 -0.999416 -0.999441 2.45504e-05 0.00199942
-2.435 -0.9994 -0.999426 2.5552e-05 0.0019994
-2.43 -0.999384 -0.999411 2.65872e-05 0.00199938
-2.425 -0.999368 -0.999395 2.76571e-05 0.00199937
-2.42 -0.999351 -0.999379 2.87625e-05 0.00199935
-2.415 -0.999333 -0.999363 2.99046e-05 0.00199933
-2.41 -0.999315 -0.999346 3.10843e-05 0.00199932
-2.405 -0.999297 -0.999329 3.23027e-05 0.0019993
-2.4 -0.999278 -0.999311 3.35608e-05 0.00199928
-2.395 -0.999259 -0.999293 3.48599e-05 0.00199926
-2.39 -0.999239 -0.999275 3.6201e-05 0.00199924
-2.385 -0.999219 -0.999256 3.75853e-05 0.00199922
-2.38 -0.999198 -0.999237 3.9014e-05 0.0019992
-2.375 -0.999177 -0.999217 4.04882e-05 0.00199918
-2.37 -0.999155 -0.999197 4.20094e-05 0.00199915
-2.365 -0.999132 -0.999176 4.35786e-05 0.00199913
-2.36 -0.99911 -0.999155 4.51973e-05 0.00199911
-2.355 -0.999086 -0.999133 4.68668e-05 0.00199909
-2.35 -0.999062 -0.999111 4.85883e-05 0.00199906
-2.345 -0.999038 -0.999088 5.03634e-05 0.00199904
-2.34 -0.999012 -0.999065 5.21935e-05 0.00199901
-2.335 -0.998987 -0.999041 5.40799e-05 0.00199899
-2.33 -0.99896 -0.999016 5.60242e-05 0.00199896
-2.325 -0.998933 -0.998991 5.8028e-05 0.00199893
-2.32 -0.998905 -0.998966 6.00927e-05 0.00199891
-2.315 -0.998877 -0.998939 6.222e-05 0.00199888
-2.31 -0.998848 -0.998912 6.44115e-05 0.00199885
-2.305 -0.998818 -0.998885 6.66688e-05 0.00199882
-2.3 -0.998788 -0.998857 6.89936e-05 0.00199879
-2.295 -0.998757 -0.998828 7.13877e-05 0.00199876
-2.29 -0.998725 -0.998799 7.38529e-05 0.00199872
-2.285 -0.998692 -0.998768 7.63909e-05 0.00199869
-2.28 -0.998659 -0.998738 7.90035e-05 0.00199866
-2.275 -0.998624 -0.998706 8.16928e-05 0.00199862
-2.27 -0.998589 -0.998674 8.44605e-05 0.00199859
-2.265 -0.998554 -0.998641 8.73087e-05 0.00199855
-2.26 -0.998517 -0.998607 9.02393e-05 0.00199852
-2.255 -0.998479 -0.998573 9.32544e-05 0.00199848
-2.25 -0.998441 -0.998537 9.63561e-05 0.00199844
-2.245 -0.998402 -0.998501 9.95465e-05 0.0019984
-2.24 -0.998361 -0.998464 0.000102828 0.00199836
-2.235 -0.99832 -0.998426 0.000106202 0.00199832
-2.23 -0.998278 -0.998388 0.000109672 0.00199828
-2.225 -0.998235 -0.998348 0.000113239 0.00199824
-2.22 -0.998191 -0.998308 0.000116906 0.00199819
-2.215 -0.998146 -0.998267 0.000120676 0.00199815
-2.21 -0.9981 -0.998224 0.00012455 0.0019981
-2.205 -0.998053 -0.998181 0.000128532 0.00199805
-2.2 -0.998005 -0.998137 0.000132624 0.001998
-2.195 -0.997955 -0.998092 0.000136828 0.00199796
-2.19 -0.997905 -0.998046 0.000141147 0.0019979
-2.185 -0.997853 -0.997999 0.000145583 0.00199785
-2.18 -0.997801 -0.997951 0.000150141 0.0019978
-2.175 -0.997747 -0.997901 0.000154821 0.00199775
-2.17 -0.997691 -0.997851 0.000159627 0.00199769
-2.165 -0.997635 -0.9978 0.000164563 0.00199764
-2.16 -0.997578 -0.997747 0.00016963 0.00199758
-2.155 -0.997519 -0.997693 0.000174832 0.00199752
-2.15 -0.997458 -0.997639 0.000180172 0.00199746
-2.145 -0.997397 -0.997583 0.000185653 0.0019974
-2.14 -0.997334 -0.997525 0.000191278 0.00199733
-2.135 -0.99727 -0.997467 0.000197051 0.00199727
-2.13 -0.997204 -0.997407 0.000202974 0.0019972
-2.125 -0.997137 -0.997346 0.000209051 0.00199714
-2.12 -0.997068 -0.997284 0.000215285 0.00199707
-2.115 -0.996998 -0.99722 0.00022168 0.001997
-2.11 -0.996927 -0.997155 0.000228239 0.00199693
-2.105 -0.996853 -0.997088 0.000234967 0.00199685
-2.1 -0.996779 -0.997021 0.000241865 0.00199678
-2.095 -0.996702 -0.996951 0.000248939 0.0019967
-2.09 -0.996624 -0.99688 0.000256191 0.00199662
-2.085 -0.996545 -0.996808 0.000263626 0.00199654
-2.08 -0.996463 -0.996734 0.000271248 0.00199646
-2.075 -0.99638 -0.996659 0.00027906 0.00199638
-2.07 -0.996295 -0.996582 0.000287066 0.0019963
-2.065 -0.996208 -0.996504 0.000295271 0.00199621
-2.06 -0.99612 -0.996423 0.000303678 0.00199612
-2.055 -0.996029 -0.996342 0.000312292 0.00199603
-2.05 -0.995937 -0.996258 0.000321117 0.00199594
-2.045 -0.995843 -0.996173 0.000330157 0.00199584
-2.04 -0.995746 -0.996086 0.000339416 0.00199575
-2.035 -0.995648 -0.995997 0.0003489 0.00199565
-2.03 -0.995548 -0.995906 0.000358613 0.00199555
-2.025 -0.995445 -0.995814 0.000368558 0.00199545
-2.02 -0.995341 -0.995719 0.000378741 0.00199534
-2.015 -0.995234 -0.995623 0.000389167 0.00199523
-2.01 -0.995125 -0.995525 0.00039984 0.00199513
-2.005 -0.995014 -0.995425 0.000410765 0.00199501
-2 -0.9949 -0.995322 0.000421947 0.0019949
-1.995 -0.994785 -0.995218 0.00043339 0.00199478
-1.99 -0.994666 -0.995111 0.000445101 0.00199467
-1.985 -0.994546 -0.995003 0.000457084 0.00199455
-1.98 -0.994423 -0.994892 0.000469345 0.00199442
-1.975 -0.994297 -0.994779 0.000481887 0.0019943
-1.97 -0.994169 -0.994664 0.000494718 0.00199417
-1.965 -0.994038 -0.994546 0.000507842 0.00199404
-1.96 -0.993905 -0.994426 0.000521265 0.00199391
-1.955 -0.993769 -0.994304 0.000534992 0.00199377
-1.95 -0.99363 -0.994179 0.000549029 0.00199363
-1.945 -0.993489 -0.994052 0.000563382 0.00199349
-1.94 -0.993345 -0.993923 0.000578056 0.00199334
-1.935 -0.993197 -0.99379 0.000593057 0.0019932
-1.93 -0.993047 -0.993656 0.000608391 0.00199305
-1.925 -0.992894 -0.993518 0.000624064 0.00199289
-1.92 -0.992738 -0.993378 0.000640083 0.00199274
-1.915 -0.992579 -0.993235 0.000656452 0.00199258
-1.91 -0.992417 -0.99309 0.000673179 0.00199242
-1.905 -0.992251 -0.992942 0.000690269 0.00199225
-1.9 -0.992083 -0.99279 0.000707729 0.00199208
-1.895 -0.991911 -0.992636 0.000725566 0.00199191
-1.89 -0.991736 -0.992479 0.000743785 0.00199174
-1.885 -0.991557 -0.992319 0.000762393 0.00199156
-1.88 -0.991375 -0.992156 0.000781398 0.00199137
-1.875 -0.991189 -0.99199 0.000800804 0.00199119
-1.87 -0.991 -0.991821 0.00082062 0.001991
-1.865 -0.990807 -0.991648 0.000840853 0.00199081
-1.86 -0.990611 -0.991472 0.000861508 0.00199061
-1.855 -0.991337 -0.991293 4.36547e-05 0.00199134
-1.85 -0.991156 -0.991111 4.52398e-05 0.00199116
-1.845 -0.990972 -0.990925 4.68691e-05 0.00199097
-1.84 -0.990784 -0.990736 4.85435e-05 0.00199078
-1.835 -0.990593 -0.990543 5.0264e-05 0.00199059
-1.83 -0.990399 -0.990347 5.20315e-05 0.0019904
-1.825 -0.990201 -0.990147 5.38472e-05 0.0019902
-1.82 -0.989999 -0.989943 5.57119e-05 0.00199
-1.815 -0.989793 -0.989736 5.76267e-05 0.00198979
-1.81 -0.989584 -0.989525 5.95927e-05 0.00198958
-1.805 -0.989371 -0.989309 6.1611e-05 0.00198937
-1.8 -0.989154 -0.989091 6.36826e-05 0.00198915
-1.795 -0.988933 -0.988868 6.58087e-05 0.00198893
-1.79 -0.988709 -0.988641 6.79903e-05 0.00198871
-1.785 -0.98848 -0.988409 7.02285e-05 0.00198848
-1.78 -0.988247 -0.988174 7.25246e-05 0.00198825
-1.775 -0.98801 -0.987935 7.48797e-05 0.00198801
-1.77 -0.987768 -0.987691 7.72949e-05 0.00198777
-1.765 -0.987523 -0.987443 7.97714e-05 0.00198752
-1.76 -0.987273 -0.98719 8.23105e-05 0.00198727
-1.755 -0.987018 -0.986933 8.49133e-05 0.00198702
-1.75 -0.986759 -0.986672 8.75811e-05 0.00198676
-1.745 -0.986496 -0.986405 9.03152e-05 0.0019865
-1.74 -0.986228 -0.986135 9.31168e-05 0.00198623
-1.735 -0.985955 -0.985859 9.59872e-05 0.00198595
-1.73 -0.985677 -0.985578 9.89277e-05 0.00198568
-1.725 -0.985395 -0.985293 0.00010194 0.0019854
-1.72 -0.985108 -0.985003 0.000105024 0.00198511
-1.715 -0.984816 -0.984707 0.000108183 0.00198482
-1.71 -0.984518 -0.984407 0.000111417 0.00198452
-1.705 -0.984216 -0.984101 0.000114728 0.00198422
-1.7 -0.983909 -0.98379 0.000118117 0.00198391
-1.695 -0.983596 -0.983474 0.000121586 0.0019836
-1.69 -0.983278 -0.983153 0.000125136 0.00198328
-1.685 -0.982954 -0.982825 0.000128768 0.00198295
-1.68 -0.982625 -0.982493 0.000132484 0.00198263
-1.675 -0.982291 -0.982154 0.000136286 0.00198229
-1.67 -0.981951 -0.98181 0.000140174 0.00198195
-1.665 -0.981605 -0.981461 0.000144151 0.0019816
-1.66 -0.981253 -0.981105 0.000148218 0.00198125
-1.655 -0.980896 -0.980743 0.000152375 0.0019809
-1.65 -0.980532 -0.980376 0.000156626 0.00198053
-1.645 -0.980163 -0.980002 0.000160971 0.00198016
-1.64 -0.979787 -0.979622 0.000165413 0.00197979
-1.635 -0.979405 -0.979235 0.000169951 0.00197941
-1.63 -0.979017 -0.978843 0.000174589 0.00197902
-1.625 -0.978623 -0.978444 0.000179328 0.00197862
-1.62 -0.978222 -0.978038 0.000184169 0.00197822
-1.615 -0.977815 -0.977626 0.000189114 0.00197781
-1.61 -0.977401 -0.977207 0.000194164 0.0019774
-1.605 -0.97698 -0.976781 0.000199322 0.00197698
-1.6 -0.976553 -0.976348 0.000204589 0.00197655
-1.595 -0.976119 -0.975909 0.000209966 0.00197612
-1.59 -0.975677 -0.975462 0.000215455 0.00197568
-1.585 -0.975229 -0.975008 0.000221059 0.00197523
-1.58 -0.974774 -0.974547 0.000226778 0.00197477
-1.575 -0.974311 -0.974079 0.000232614 0.00197431
-1.57 -0.973841 -0.973603 0.000238569 0.00197384
-1.565 -0.973364 -0.973119 0.000244646 0.00197336
-1.56 -0.972879 -0.972628 0.000250844 0.00197288
-1.555 -0.972387 -0.972129 0.000257167 0.00197239
-1.55 -0.971886 -0.971623 0.000263616 0.00197189
-1.545 -0.971378 -0.971108 0.000270192 0.00197138
-1.54 -0.970863 -0.970586 0.000276898 0.00197086
-1.535 -0.970339 -0.970055 0.000283735 0.00197034
-1.53 -0.969807 -0.969516 0.000290706 0.00196981
-1.525 -0.969267 -0.968969 0.000297811 0.00196927
-1.52 -0.968719 -0.968413 0.000305052 0.00196872
-1.515 -0.968162 -0.967849 0.000312432 0.00196816
-1.51 -0.967597 -0.967277 0.000319952 0.0019676
-1.505 -0.967023 -0.966695 0.000327614 0.00196702
-1.5 -0.966441 -0.966105 0.00033542 0.00196644
-1.495 -0.965849 -0.965506 0.000343371 0.00196585
-1.49 -0.965249 -0.964898 0.00035147 0.00196525
-1.485 -0.96464 -0.964281 0.000359717 0.00196464
-1.48 -0.964022 -0.963654 0.000368116 0.00196402
-1.475 -0.963395 -0.963018 0.000376667 0.00196339
-1.47 -0.962758 -0.962373 0.000385372 0.00196276
-1.465 -0.962112 -0.961718 0.000394234 0.00196211
-1.46 -0.961457 -0.961054 0.000403254 0.00196146
-1.455 -0.960792 -0.960379 0.000412433 0.00196079
-1.45 -0.960117 -0.959695 0.000421774 0.00196012
-1.445 -0.959432 -0.959001 0.000431279 0.00195943
-1.44 -0.958738 -0.958297 0.000440948 0.00195874
-1.435 -0.958033 -0.957582 0.000450784 0.00195803
-1.43 -0.957318 -0.956857 0.000460789 0.00195732
-1.425 -0.956593 -0.956122 0.000470964 0.00195659
-1.42 -0.955857 -0.955376 0.000481311 0.00195586
-1.415 -0.955112 -0.95462 0.000491832 0.00195511
-1.41 -0.954355 -0.953852 0.000502528 0.00195435
-1.405 -0.953588 -0.953074 0.000513401 0.00195359
-1.4 -0.95281 -0.952285 0.000524453 0.00195281
-1.395 -0.952021 -0.951485 0.000535685 0.00195202
-1.39 -0.95122 -0.950673 0.000547099 0.00195122
-1.385 -0.950409 -0.94985 0.000558697 0.00195041
-1.38 -0.949587 -0.949016 0.00057048 0.00194959
-1.375 -0.948753 -0.94817 0.00058245 0.00194875
-1.37 -0.947907 -0.947312 0.000594608 0.00194791
-1.365 -0.94705 -0.946443 0.000606956 0.00194705
-1.36 -0.946181 -0.945561 0.000619496 0.00194618
-1.355 -0.9453 -0.944668 0.000632228 0.0019453
-1.35 -0.944407 -0.943762 0.000645155 0.00194441
-1.345 -0.943502 -0.942844 0.000658277 0.0019435
-1.34 -0.942585 -0.941914 0.000671596 0.00194259
-1.335 -0.941656 -0.940971 0.000685114 0.00194166
-1.33 -0.940714 -0.940015 0.000698832 0.00194071
-1.325 -0.939759 -0.939047 0.000712751 0.00193976
-1.32 -0.938792 -0.938065 0.000726872 0.00193879
-1.315 -0.937812 -0.937071 0.000741196 0.00193781
-1.31 -0.936819 -0.936063 0.000755726 0.00193682
-1.305 -0.935813 -0.935042 0.000770462 0.00193581
-1.3 -0.934793 -0.934008 0.000785404 0.00193479
-1.295 -0.933761 -0.93296 0.000800555 0.00193376
-1.29 -0.932715 -0.931899 0.000815915 0.00193271
-1.285 -0.931253 -0.930823 0.000429675 0.00193125
-1.28 -0.930173 -0.929734 0.000438604 0.00193017
-1.275 -0.929079 -0.928631 0.000447683 0.00192908
-1.27 -0.927971 -0.927514 0.000456916 0.00192797
-1.265 -0.926848 -0.926382 0.000466304 0.00192685
-1.26 -0.925712 -0.925236 0.000475848 0.00192571
-1.255 -0.924561 -0.924075 0.00048555 0.00192456
-1.25 -0.923396 -0.9229 0.000495412 0.0019234
-1.245 -0.922216 -0.92171 0.000505435 0.00192222
-1.24 -0.921021 -0.920505 0.00051562 0.00192102
-1.235 -0.919811 -0.919285 0.000525971 0.00191981
-1.23 -0.918587 -0.91805 0.000536487 0.00191859
-1.225 -0.917347 -0.9168 0.00054717 0.00191735
-1.22 -0.916092 -0.915534 0.000558023 0.00191609
-1.215 -0.914822 -0.914253 0.000569047 0.00191482
-1.21 -0.913536 -0.912956 0.000580242 0.00191354
-1.205 -0.912234 -0.911643 0.000591611 0.00191223
-1.2 -0.910917 -0.910314 0.000603156 0.00191092
-1.195 -0.909584 -0.908969 0.000614876 0.00190958
-1.19 -0.908235 -0.907608 0.000626774 0.00190824
-1.185 -0.90687 -0.906231 0.000638852 0.00190687
-1.18 -0.905489 -0.904837 0.00065111 0.00190549
-1.175 -0.904091 -0.903427 0.00066355 0.00190409
-1.17 -0.902677 -0.902 0.000676174 0.00190268
-1.165 -0.901246 -0.900557 0.000688981 0.00190125
-1.16 -0.899798 -0.899096 0.000701974 0.0018998
-1.155 -0.898334 -0.897619 0.000715154 0.00189833
-1.15 -0.896852 -0.896124 0.000728522 0.00189685
-1.145 -0.895354 -0.894612 0.00074208 0.00189535
-1.14 -0.893838 -0.893082 0.000755827 0.00189384
-1.135 -0.892305 -0.891535 0.000769765 0.00189231
-1.13 -0.890755 -0.889971 0.000783895 0.00189075
-1.125 -0.889186 -0.888388 0.000798219 0.00188919
-1.12 -0.887601 -0.886788 0.000812736 0.0018876
-1.115 -0.885997 -0.88517 0.000827448 0.001886
-1.11 -0.884375 -0.883533 0.000842355 0.00188438
-1.105 -0.882736 -0.881878 0.000857459 0.00188274
-1.1 -0.881078 -0.880205 0.000872759 0.00188108
-1.095 -0.879402 -0.878513 0.000888257 0.0018794
-1.09 -0.877707 -0.876803 0.000903953 0.00187771
-1.085 -0.875994 -0.875074 0.000919847 0.00187599
-1.08 -0.874262 -0.873326 0.00093594 0.00187426
-1.075 -0.872512 -0.871559 0.000952232 0.00187251
-1.07 -0.870742 -0.869773 0.000968724 0.00187074
-1.065 -0.868954 -0.867968 0.000985415 0.00186895
-1.06 -0.867146 -0.866144 0.00100231 0.00186715
-1.055 -0.865319 -0.8643 0.0010194 0.00186532
-1.05 -0.863473 -0.862436 0.00103669 0.00186347
-1.045 -0.861607 -0.860553 0.00105418 0.00186161
-1.04 -0.859722 -0.85865 0.00107187 0.00185972
-1.035 -0.857817 -0.856727 0.00108975 0.00185782
-1.03 -0.855892 -0.854784 0.00110784 0.00185589
-1.025 -0.853947 -0.852821 0.00112613 0.00185395
-1.02 -0.851983 -0.850838 0.00114461 0.00185198
-1.015 -0.849998 -0.848834 0.00116329 0.00185
-1.01 -0.847993 -0.84681 0.00118216 0.00184799
-1.005 -0.845967 -0.844766 0.00120123 0.00184597
-1 -0.843921 -0.842701 0.0012205 0.00184392
-0.995 -0.840643 -0.840615 2.80756e-05 0.00184064
-0.99 -0.838535 -0.838508 2.7012e-05 0.00183854
-0.985 -0.836406 -0.83638 2.59744e-05 0.00183641
-0.98 -0.834256 -0.834232 2.49627e-05 0.00183426
-0.975 -0.832086 -0.832062 2.39764e-05 0.00183209
-0.97 -0.829893 -0.82987 2.30154e-05 0.00182989
-0.965 -0.82768 -0.827658 2.20793e-05 0.00182768
-0.96 -0.825445 -0.825424 2.11679e-05 0.00182544
-0.955 -0.823188 -0.823168 2.02807e-05 0.00182319
-0.95 -0.82091 -0.820891 1.94176e-05 0.00182091
-0.945 -0.81861 -0.818592 1.85782e-05 0.00181861
-0.94 -0.816289 -0.816271 1.77621e-05 0.00181629
-0.935 -0.813945 -0.813928 1.69691e-05 0.00181395
-0.93 -0.81158 -0.811564 1.61989e-05 0.00181158
-0.925 -0.809192 -0.809177 1.5451e-05 0.00180919
-0.92 -0.80675 -0.806768 1.75517e-05 0.00180675
-0.915 -0.804319 -0.804336 1.74989e-05 0.00180432
-0.91 -0.801865 -0.801883 1.74371e-05 0.00180187
-0.905 -0.799389 -0.799407 1.73666e-05 0.00179939
-0.9 -0.796891 -0.796908 1.72876e-05 0.00179689
-0.895 -0.79437 -0.794387 1.72004e-05 0.00179437
-0.89 -0.791826 -0.791843 1.71052e-05 0.00179183
-0.885 -0.78926 -0.789277 1.70023e-05 0.00178926
-0.88 -0.78667 -0.786687 1.6892e-05 0.00178667
-0.875 -0.784058 -0.784075 1.67745e-05 0.00178406
-0.87 -0.781423 -0.78144 1.66501e-05 0.00178142
-0.865 -0.778765 -0.778782 1.6519e-05 0.00177877
-0.86 -0.776084 -0.7761 1.63816e-05 0.00177608
-0.855 -0.77338 -0.773396 1.6238e-05 0.00177338
-0.85 -0.770652 -0.770668 1.60885e-05 0.00177065
-0.845 -0.767901 -0.767917 1.59334e-05 0.0017679
-0.84 -0.765127 -0.765143 1.57729e-05 0.00176513
-0.835 -0.762329 -0.762345 1.56072e-05 0.00176233
-0.83 -0.759508 -0.759524 1.54367e-05 0.00175951
-0.825 -0.756664 -0.756679 1.52616e-05 0.00175666
-0.82 -0.753796 -0.753811 1.50821e-05 0.0017538
-0.815 -0.750904 -0.750919 1.48984e-05 0.0017509
-0.81 -0.747989 -0.748003 1.47108e-05 0.00174799
-0.805 -0.745049 -0.745064 1.45195e-05 0.00174505
-0.8 -0.742087 -0.742101 1.43249e-05 0.00174209
-0.795 -0.7391 -0.739114 1.4127e-05 0.0017391
-0.79 -0.73609 -0.736103 1.39261e-05 0.00173609
-0.785 -0.733055 -0.733069 1.37224e-05 0.00173306
-0.78 -0.729997 -0.73001 1.35163e-05 0.00173
-0.775 -0.726915 -0.726928 1.33078e-05 0.00172691
-0.77 -0.723809 -0.723822 1.30972e-05 0.00172381
-0.765 -0.720678 -0.720691 1.28847e-05 0.00172068
-0.76 -0.717524 -0.717537 1.26705e-05 0.00171752
-0.755 -0.714346 -0.714358 1.24549e-05 0.00171435
-0.75 -0.711143 -0.711156 1.2238e-05 0.00171114
-0.745 -0.707917 -0.707929 1.202e-05 0.00170792
-0.74 -0.704666 -0.704678 1.18011e-05 0.00170467
-0.735 -0.701392 -0.701403 1.15815e-05 0.00170139
-0.73 -0.698093 -0.698104 1.13614e-05 0.00169809
-0.725 -0.694769 -0.694781 1.11409e-05 0.00169477
-0.72 -0.691422 -0.691433 1.09203e-05 0.00169142
-0.715 -0.688051 -0.688061 1.06997e-05 0.00168805
-0.71 -0.684655 -0.684666 1.04793e-05 0.00168466
-0.705 -0.681235 -0.681245 1.02592e-05 0.00168124
-0.7 -0.677791 -0.677801 1.00396e-05 0.00167779
-0.695 -0.674323 -0.674333 9.82059e-06 0.00167432
-0.69 -0.67083 -0.67084 9.60243e-06 0.00167083
-0.685 -0.667314 -0.667323 9.38521e-06 0.00166731
-0.68 -0.663773 -0.663782 9.16907e-06 0.00166377
-0.675 -0.660208 -0.660217 8.95414e-06 0.00166021
-0.67 -0.656619 -0.656628 8.74056e-06 0.00165662
-0.665 -0.653006 -0.653014 8.52846e-06 0.00165301
-0.66 -0.649368 -0.649377 8.31795e-06 0.00164937
-0.655 -0.645707 -0.645715 8.10915e-06 0.00164571
-0.65 -0.642021 -0.642029 7.90217e-06 0.00164202
-0.645 -0.638312 -0.63832 7.69712e-06 0.00163831
-0.64 -0.634578 -0.634586 7.49411e-06 0.00163458
-0.635 -0.630821 -0.630828 7.29324e-06 0.00163082
-0.63 -0.627039 -0.627046 7.09459e-06 0.00162704
-0.625 -0.623234 -0.623241 6.89825e-06 0.00162323
-0.62 -0.619405 -0.619411 6.70432e-06 0.0016194
-0.615 -0.615552 -0.615558 6.51287e-06 0.00161555
-0.61 -0.611675 -0.611681 6.32397e-06 0.00161167
-0.605 -0.607774 -0.60778 6.13771e-06 0.00160777
-0.6 -0.60385 -0.603856 5.95414e-06 0.00160385
-0.595 -0.599902 -0.599908 5.77333e-06 0.0015999
-0.59 -0.595931 -0.595936 5.59534e-06 0.00159593
-0.585 -0.591936 -0.591941 5.42022e-06 0.00159194
-0.58 -0.587918 -0.587923 5.24802e-06 0.00158792
-0.575 -0.583876 -0.583881 5.07879e-06 0.00158388
-0.57 -0.579811 -0.579816 4.91256e-06 0.00157981
-0.565 -0.575723 -0.575727 4.74939e-06 0.00157572
-0.56 -0.571611 -0.571616 4.58929e-06 0.00157161
-0.555 -0.567477 -0.567481 4.4323e-06 0.00156748
-0.55 -0.563319 -0.563323 4.27845e-06 0.00156332
-0.545 -0.559139 -0.559143 4.12776e-06 0.00155914
-0.54 -0.554935 -0.554939 3.98025e-06 0.00155494
-0.535 -0.550709 -0.550713 3.83593e-06 0.00155071
-0.53 -0.54646 -0.546464 3.69481e-06 0.00154646
-0.525 -0.542189 -0.542193 3.5569e-06 0.00154219
-0.52 -0.537895 -0.537899 3.42221e-06 0.0015379
-0.515 -0.533579 -0.533582 3.29073e-06 0.00153358
-0.51 -0.52924 -0.529244 3.16247e-06 0.00152924
-0.505 -0.524832 -0.524883 5.11348e-05 0.00152483
-0.5 -0.520451 -0.5205 4.90442e-05 0.00152045
-0.495 -0.516048 -0.516095 4.70104e-05 0.00151605
-0.49 -0.511623 -0.511668 4.50332e-05 0.00151162
-0.485 -0.507177 -0.50722 4.3112e-05 0.00150718
-0.48 -0.502708 -0.50275 4.12465e-05 0.00150271
-0.475 -0.498219 -0.498258 3.94362e-05 0.00149822
-0.47 -0.493707 -0.493745 3.76806e-05 0.00149371
-0.465 -0.489175 -0.489211 3.59791e-05 0.00148917
-0.46 -0.484621 -0.484655 3.4331e-05 0.00148462
-0.455 -0.480046 -0.480079 3.27358e-05 0.00148005
-0.45 -0.475451 -0.475482 3.11928e-05 0.00147545
-0.445 -0.470834 -0.470864 2.97013e-05 0.00147083
-0.44 -0.466197 -0.466225 2.82604e-05 0.0014662
-0.435 -0.461539 -0.461566 2.68695e-05 0.00146154
-0.43 -0.456861 -0.456887 2.55278e-05 0.00145686
-0.425 -0.452163 -0.452187 2.42343e-05 0.00145216
-0.42 -0.447445 -0.447468 2.29883e-05 0.00144744
-0.415 -0.442706 -0.442728 2.17889e-05 0.00144271
-0.41 -0.437948 -0.437969 2.06351e-05 0.00143795
-0.405 -0.433171 -0.43319 1.95262e-05 0.00143317
-0.4 -0.428374 -0.428392 1.8461e-05 0.00142837
-0.395 -0.423558 -0.423575 1.74388e-05 0.00142356
-0.39 -0.418722 -0.418739 1.64585e-05 0.00141872
-0.385 -0.413868 -0.413883 1.55192e-05 0.00141387
-0.38 -0.408995 -0.409009 1.46198e-05 0.00140899
-0.375 -0.404103 -0.404117 1.37595e-05 0.0014041
-0.37 -0.399193 -0.399206 1.29371e-05 0.00139919
-0.365 -0.394265 -0.394277 1.21517e-05 0.00139426
-0.36 -0.389318 -0.38933 1.14024e-05 0.00138932
-0.355 -0.384354 -0.384365 1.0688e-05 0.00138435
-0.35 -0.379372 -0.379382 1.00076e-05 0.00137937
-0.345 -0.374373 -0.374382 9.36016e-06 0.00137437
-0.34 -0.369356 -0.369365 8.74469e-06 0.00136936
-0.335 -0.364322 -0.36433 8.16018e-06 0.00136432
-0.33 -0.359271 -0.359279 7.60563e-06 0.00135927
-0.325 -0.354203 -0.354211 7.08006e-06 0.0013542
-0.32 -0.349119 -0.349126 6.58248e-06 0.00134912
-0.315 -0.344019 -0.344025 6.1119e-06 0.00134402
-0.31 -0.338902 -0.338908 5.66736e-06 0.0013389
-0.305 -0.33377 -0.333775 5.24791e-06 0.00133377
-0.3 -0.328622 -0.328627 4.85258e-06 0.00132862
-0.295 -0.323458 -0.323463 4.48046e-06 0.00132346
-0.29 -0.318279 -0.318283 4.1306e-06 0.00131828
-0.285 -0.313085 -0.313089 3.80211e-06 0.00131309
-0.28 -0.307877 -0.30788 3.49409e-06 0.00130788
-0.275 -0.302653 -0.302656 3.20566e-06 0.00130265
-0.27 -0.297415 -0.297418 2.93595e-06 0.00129742
-0.265 -0.292163 -0.292166 2.68412e-06 0.00129216
-0.26 -0.286897 -0.2869 2.44934e-06 0.0012869
-0.255 -0.281618 -0.28162 2.23079e-06 0.00128162
-0.25 -0.276324 -0.276326 2.02769e-06 0.00127632
-0.245 -0.271018 -0.27102 1.83926e-06 0.00127102
-0.24 -0.265698 -0.2657 1.66475e-06 0.0012657
-0.235 -0.260366 -0.260368 1.50341e-06 0.00126037
-0.23 -0.255021 -0.255023 1.35454e-06 0.00125502
-0.225 -0.249664 -0.249665 1.21743e-06 0.00124966
-0.22 -0.244295 -0.244296 1.09143e-06 0.00124429
-0.215 -0.238914 -0.238915 9.75868e-07 0.00123891
-0.21 -0.233521 -0.233522 8.70123e-07 0.00123352
-0.205 -0.228117 -0.228118 7.73584e-07 0.00122812
-0.2 -0.222702 -0.222703 6.85662e-07 0.0012227
-0.195 -0.217276 -0.217277 6.05792e-07 0.00121728
-0.19 -0.211839 -0.21184 5.33431e-07 0.00121184
-0.185 -0.206392 -0.206393 4.68055e-07 0.00120639
-0.18 -0.200935 -0.200936 4.09164e-07 0.00120094
-0.175 -0.195469 -0.195469 3.56279e-07 0.00119547
-0.17 -0.189992 -0.189992 3.08944e-07 0.00118999
-0.165 -0.184506 -0.184507 2.66722e-07 0.00118451
-0.16 -0.179012 -0.179012 2.29198e-07 0.00117901
-0.155 -0.173508 -0.173508 1.9598e-07 0.00117351
-0.15 -0.167996 -0.167996 1.66694e-07 0.001168
-0.145 -0.162475 -0.162476 1.40989e-07 0.00116248
-0.14 -0.156947 -0.156947 1.18532e-07 0.00115695
-0.135 -0.151411 -0.151411 9.90111e-08 0.00115141
-0.13 -0.145867 -0.145867 8.21337e-08 0.00114587
-0.125 -0.140316 -0.140316 6.7626e-08 0.00114032
-0.12 -0.134758 -0.134758 5.5233e-08 0.00113476
-0.115 -0.129194 -0.129194 4.47178e-08 0.00112919
-0.11 -0.123623 -0.123623 3.5861e-08 0.00112362
-0.105 -0.118046 -0.118046 2.84606e-08 0.00111805
-0.1 -0.112463 -0.112463 2.23309e-08 0.00111246
-0.095 -0.106874 -0.106874 1.73022e-08 0.00110687
-0.09 -0.101281 -0.101281 1.32204e-08 0.00110128
-0.085 -0.0956817 -0.0956817 9.94594e-09 0.00109568
-0.08 -0.0900781 -0.0900781 7.35343e-09 0.00109008
-0.075 -0.08447 -0.08447 5.33096e-09 0.00108447
-0.07 -0.0788577 -0.0788577 3.77936e-09 0.00107886
-0.065 -0.0732415 -0.0732415 2.61152e-09 0.00107324
-0.06 -0.0676216 -0.0676216 1.75167e-09 0.00106762
-0.055 -0.0619983 -0.0619983 1.13462e-09 0.001062
-0.05 -0.056372 -0.056372 7.05013e-10 0.00105637
-0.045 -0.0507428 -0.0507428 4.16572e-10 0.00105074
-0.04 -0.0451111 -0.0451111 2.31302e-10 0.00104511
-0.035 -0.0394772 -0.0394772 1.18697e-10 0.00103948
-0.03 -0.0338412 -0.0338412 5.49412e-11 0.00103384
-0.025 -0.0282036 -0.0282036 2.20879e-11 0.0010282
-0.02 -0.0225646 -0.0225646 7.23998e-12 0.00102256
-0.015 -0.0169244 -0.0169244 1.71849e-12 0.00101692
-0.01 -0.0112834 -0.0112834 2.26342e-13 0.00101128
-0.005 -0.00564185 -0.00564185 7.07507e-15 0.00100564
-6.31283e-14 -7.12327e-14 -7.12327e-14 0 0.001
0.005 0.00564185 0.00564185 7.07507e-15 0.00100564
0.01 0.0112834 0.0112834 2.26343e-13 0.00101128
0.015 0.0169244 0.0169244 1.71849e-12 0.00101692
0.02 0.0225646 0.0225646 7.23998e-12 0.00102256
0.025 0.0282036 0.0282036 2.20879e-11 0.0010282
0.03 0.0338412 0.0338412 5.49412e-11 0.00103384
0.035 0.0394772 0.0394772 1.18697e-10 0.00103948
0.04 0.0451111 0.0451111 2.31302e-10 0.00104511
0.045 0.0507428 0.0507428 4.16572e-10 0.00105074
0.05 0.056372 0.056372 7.05013e-10 0.00105637
0.055 0.0619983 0.0619983 1.13462e-09 0.001062
0.06 0.0676216 0.0676216 1.75167e-09 0.00106762
0.065 0.0732415 0.0732415 2.61152e-09 0.00107324
0.07 0.0788577 0.0788577 3.77936e-09 0.00107886
0.075 0.08447 0.08447 5.33096e-09 0.00108447
0.08 0.0900781 0.0900781 7.35343e-09 0.00109008
0.085 0.0956817 0.0956817 9.94594e-09 0.00109568
0.09 0.101281 0.101281 1.32204e-08 0.00110128
0.095 0.106874 0.106874 1.73022e-08 0.00110687
0.1 0.112463 0.112463 2.23309e-08 0.00111246
0.105 0.118046 0.118046 2.84606e-08 0.00111805
0.11 0.123623 0.123623 3.5861e-08 0.00112362
0.115 0.129194 0.129194 4.47178e-08 0.00112919
0.12 0.134758 0.134758 5.5233e-08 0.00113476
0.125 0.140316 0.140316 6.7626e-08 0.00114032
0.13 0.145867 0.145867 8.21337e-08 0.00114587
0.135 0.151411 0.151411 9.90111e-08 0.00115141
0.14 0.156947 0.156947 1.18532e-07 0.00115695
0.145 0.162475 0.162476 1.40989e-07 0.00116248
0.15 0.167996 0.167996 1.66694e-07 0.001168
0.155 0.173508 0.173508 1.9598e-07 0.00117351
0.16 0.179012 0.179012 2.29198e-07 0.00117901
0.165 0.184506 0.184507 2.66722e-07 0.00118451
0.17 0.189992 0.189992 3.08944e-07 0.00118999
0.175 0.195469 0.195469 3.56279e-07 0.00119547
0.18 0.200935 0.200936 4.09164e-07 0.00120094
0.185 0.206392 0.206393 4.68055e-07 0.00120639
0.19 0.211839 0.21184 5.33431e-07 0.00121184
0.195 0.217276 0.217277 6.05792e-07 0.00121728
0.2 0.222702 0.222703 6.85662e-07 0.0012227
0.205 0.228117 0.228118 7.73584e-07 0.00122812
0.21 0.233521 0.233522 8.70123e-07 0.00123352
0.215 0.238914 0.238915 9.75868e-07 0.00123891
0.22 0.244295 0.244296 1.09143e-06 0.00124429
0.225 0.249664 0.249665 1.21743e-06 0.00124966
0.23 0.255021 0.255023 1.35454e-06 0.00125502
0.235 0.260366 0.260368 1.50341e-06 0.00126037
0.24 0.265698 0.2657 1.66475e-06 0.0012657
0.245 0.271018 0.27102 1.83926e-06 0.00127102
0.25 0.276324 0.276326 2.02769e-06 0.00127632
0.255 0.281618 0.28162 2.23079e-06 0.00128162
0.26 0.286897 0.2869 2.44934e-06 0.0012869
0.265 0.292163 0.292166 2.68412e-06 0.00129216
0.27 0.297415 0.297418 2.93595e-06 0.00129742
0.275 0.302653 0.302656 3.20566e-06 0.00130265
0.28 0.307877 0.30788 3.49409e-06 0.00130788
0.285 0.313085 0.313089 3.80211e-06 0.00131309
0.29 0.318279 0.318283 4.1306e-06 0.00131828
0.295 0.323458 0.323463 4.48046e-06 0.00132346
0.3 0.328622 0.328627 4.85258e-06 0.00132862
0.305 0.33377 0.333775 5.24791e-06 0.00133377
0.31 0.338902 0.338908 5.66736e-06 0.0013389
0.315 0.344019 0.344025 6.1119e-06 0.00134402
0.32 0.349119 0.349126 6.58248e-06 0.00134912
0.325 0.354203 0.354211 7.08006e-06 0.0013542
0.33 0.359271 0.359279 7.60563e-06 0.00135927
0.335 0.364322 0.36433 8.16018e-06 0.00136432
0.34 0.369356 0.369365 8.74469e-06 0.00136936
0.345 0.374373 0.374382 9.36016e-06 0.00137437
0.35 0.379372 0.379382 1.00076e-05 0.00137937
0.355 0.384354 0.384365 1.0688e-05 0.00138435
0.36 0.389318 0.38933 1.14024e-05 0.00138932
0.365 0.394265 0.394277 1.21517e-05 0.00139426
0.37 0.399193 0.399206 1.29371e-05 0.00139919
0.375 0.404103 0.404117 1.37595e-05 0.0014041
0.38 0.408995 0.409009 1.46198e-05 0.00140899
0.385 0.413868 0.413883 1.55192e-05 0.00141387
0.39 0.418722 0.418739 1.64585e-05 0.00141872
0.395 0.423558 0.423575 1.74388e-05 0.00142356
0.4 0.428374 0.428392 1.8461e-05 0.00142837
0.405 0.433171 0.43319 1.95262e-05 0.00143317
0.41 0.437948 0.437969 2.06351e-05 0.00143795
0.415 0.442706 0.442728 2.17889e-05 0.00144271
0.42 0.447445 0.447468 2.29883e-05 0.00144744
0.425 0.452163 0.452187 2.42343e-05 0.00145216
0.43 0.456861 0.456887 2.55278e-05 0.00145686
0.435 0.461539 0.461566 2.68695e-05 0.00146154
0.44 0.466197 0.466225 2.82604e-05 0.0014662
0.445 0.470834 0.470864 2.97013e-05 0.00147083
0.45 0.475451 0.475482 3.11928e-05 0.00147545
0.455 0.480046 0.480079 3.27358e-05 0.00148005
0.46 0.484621 0.484655 3.4331e-05 0.00148462
0.465 0.489175 0.489211 3.59791e-05 0.00148917
0.47 0.493707 0.493745 3.76806e-05 0.00149371
0.475 0.498219 0.498258 3.94362e-05 0.00149822
0.48 0.502708 0.50275 4.12465e-05 0.00150271
0.485 0.507177 0.50722 4.3112e-05 0.00150718
0.49 0.511623 0.511668 4.50332e-05 0.00151162
0.495 0.516048 0.516095 4.70104e-05 0.00151605
0.5 0.520451 0.5205 4.90442e-05 0.00152045
0.505 0.524832 0.524883 5.11348e-05 0.00152483
0.51 0.52924 0.529244 3.16247e-06 0.00152924
0.515 0.533579 0.533582 3.29073e-06 0.00153358
0.52 0.537895 0.537899 3.42221e-06 0.0015379
0.525 0.542189 0.542193 3.5569e-06 0.00154219
0.53 0.54646 0.546464 3.69481e-06 0.00154646
0.535 0.550709 0.550713 3.83593e-06 0.00155071
0.54 0.554935 0.554939 3.98025e-06 0.00155494
0.545 0.559139 0.559143 4.12776e-06 0.00155914
0.55 0.563319 0.563323 4.27845e-06 0.00156332
0.555 0.567477 0.567481 4.4323e-06 0.00156748
0.56 0.571611 0.571616 4.58929e-06 0.00157161
0.565 0.575723 0.575727 4.74939e-06 0.00157572
0.57 0.579811 0.579816 4.91256e-06 0.00157981
0.575 0.583876 0.583881 5.07879e-06 0.00158388
0.58 0.587918 0.587923 5.24802e-06 0.00158792
0.585 0.591936 0.591941 5.42022e-06 0.00159194
0.59 0.595931 0.595936 5.59534e-06 0.00159593
0.595 0.599902 0.599908 5.77333e-06 0.0015999
0.6 0.60385 0.603856 5.95414e-06 0.00160385
0.605 0.607774 0.60778 6.13771e-06 0.00160777
0.61 0.611675 0.611681 6.32397e-06 0.00161167
0.615 0.615552 0.615558 6.51287e-06 0.00161555
0.62 0.619405 0.619411 6.70432e-06 0.0016194
0.625 0.623234 0.623241 6.89825e-06 0.00162323
0.63 0.627039 0.627046 7.09459e-06 0.00162704
0.635 0.630821 0.630828 7.29324e-06 0.00163082
0.64 0.634578 0.634586 7.49411e-06 0.00163458
0.645 0.638312 0.63832 7.69712e-06 0.00163831
0.65 0.642021 0.642029 7.90217e-06 0.00164202
0.655 0.645707 0.645715 8.10915e-06 0.00164571
0.66 0.649368 0.649377 8.31795e-06 0.00164937
0.665 0.653006 0.653014 8.52846e-06 0.00165301
0.67 0.656619 0.656628 8.74056e-06 0.00165662
0.675 0.660208 0.660217 8.95414e-06 0.00166021
0.68 0.663773 0.663782 9.16907e-06 0.00166377
0.685 0.667314 0.667323 9.38521e-06 0.00166731
0.69 0.67083 0.67084 9.60243e-06 0.00167083
0.695 0.674323 0.674333 9.82059e-06 0.00167432
0.7 0.677791 0.677801 1.00396e-05 0.00167779
0.705 0.681235 0.681245 1.02592e-05 0.00168124
0.71 0.684655 0.684666 1.04793e-05 0.00168466
0.715 0.688051 0.688061 1.06997e-05 0.00168805
0.72 0.691422 0.691433 1.09203e-05 0.00169142
0.725 0.694769 0.694781 1.11409e-05 0.00169477
0.73 0.698093 0.698104 1.13614e-05 0.00169809
0.735 0.701392 0.701403 1.15815e-05 0.00170139
0.74 0.704666 0.704678 1.18011e-05 0.00170467
0.745 0.707917 0.707929 1.202e-05 0.00170792
0.75 0.711143 0.711156 1.2238e-05 0.00171114
0.755 0.714346 0.714358 1.24549e-05 0.00171435
0.76 0.717524 0.717537 1.26705e-05 0.00171752
0.765 0.720678 0.720691 1.28847e-05 0.00172068
0.77 0.723809 0.723822 1.30972e-05 0.00172381
0.775 0.726915 0.726928 1.33078e-05 0.00172691
0.78 0.729997 0.73001 1.35163e-05 0.00173
0.785 0.733055 0.733069 1.37224e-05 0.00173306
0.79 0.73609 0.736103 1.39261e-05 0.00173609
0.795 0.7391 0.739114 1.4127e-05 0.0017391
0.8 0.742087 0.742101 1.43249e-05 0.00174209
0.805 0.745049 0.745064 1.45195e-05 0.00174505
0.81 0.747989 0.748003 1.47108e-05 0.00174799
0.815 0.750904 0.750919 1.48984e-05 0.0017509
0.82 0.753796 0.753811 1.50821e-05 0.0017538
0.825 0.756664 0.756679 1.52616e-05 0.00175666
0.83 0.759508 0.759524 1.54367e-05 0.00175951
0.835 0.762329 0.762345 1.56072e-05 0.00176233
0.84 0.765127 0.765143 1.57729e-05 0.00176513
0.845 0.767901 0.767917 1.59334e-05 0.0017679
0.85 0.770652 0.770668 1.60885e-05 0.00177065
0.855 0.77338 0.773396 1.6238e-05 0.00177338
0.86 0.776084 0.7761 1.63816e-05 0.00177608
0.865 0.778765 0.778782 1.6519e-05 0.00177877
0.87 0.781423 0.78144 1.66501e-05 0.00178142
0.875 0.784058 0.784075 1.67745e-05 0.00178406
0.88 0.78667 0.786687 1.6892e-05 0.00178667
0.885 0.78926 0.789277 1.70023e-05 0.00178926
0.89 0.791826 0.791843 1.71052e-05 0.00179183
0.895 0.79437 0.794387 1.72004e-05 0.00179437
0.9 0.796891 0.796908 1.72876e-05 0.00179689
0.905 0.799389 0.799407 1.73666e-05 0.00179939
0.91 0.801865 0.801883 1.74371e-05 0.00180187
0.915 0.804319 0.804336 1.74989e-05 0.00180432
0.92 0.80675 0.806768 1.75517e-05 0.00180675
0.925 0.809192 0.809177 1.5451e-05 0.00180919
0.93 0.81158 0.811564 1.61989e-05 0.00181158
0.935 0.813945 0.813928 1.69691e-05 0.00181395
0.94 0.816289 0.816271 1.77621e-05 0.00181629
0.945 0.81861 0.818592 1.85782e-05 0.00181861
0.95 0.82091 0.820891 1.94176e-05 0.00182091
0.955 0.823188 0.823168 2.02807e-05 0.00182319
0.96 0.825445 0.825424 2.11679e-05 0.00182544
0.965 0.82768 0.827658 2.20793e-05 0.00182768
0.97 0.829893 0.82987 2.30154e-05 0.00182989
0.975 0.832086 0.832062 2.39764e-05 0.00183209
0.98 0.834256 0.834232 2.49627e-05 0.00183426
0.985 0.836406 0.83638 2.59744e-05 0.00183641
0.99 0.838535 0.838508 2.7012e-05 0.00183854
0.995 0.840643 0.840615 2.80756e-05 0.00184064
1 0.84273 0.842701 2.91655e-05 0.00184273
1.005 0.845967 0.844766 0.00120123 0.00184597
1.01 0.847993 0.84681 0.00118216 0.00184799
1.015 0.849998 0.848834 0.00116329 0.00185
1.02 0.851983 0.850838 0.00114461 0.00185198
1.025 0.853947 0.852821 0.00112613 0.00185395
1.03 0.855892 0.854784 0.00110784 0.00185589
1.035 0.857817 0.856727 0.00108975 0.00185782
1.04 0.859722 0.85865 0.00107187 0.00185972
1.045 0.861607 0.860553 0.00105418 0.00186161
1.05 0.863473 0.862436 0.00103669 0.00186347
1.055 0.865319 0.8643 0.0010194 0.00186532
1.06 0.867146 0.866144 0.00100231 0.00186715
1.065 0.868954 0.867968 0.000985415 0.00186895
1.07 0.870742 0.869773 0.000968724 0.00187074
1.075 0.872512 0.871559 0.000952232 0.00187251
1.08 0.874262 0.873326 0.00093594 0.00187426
1.085 0.875994 0.875074 0.000919847 0.00187599
1.09 0.877707 0.876803 0.000903953 0.00187771
1.095 0.879402 0.878513 0.000888257 0.0018794
1.1 0.881078 0.880205 0.000872759 0.00188108
1.105 0.882736 0.881878 0.000857459 0.00188274
1.11 0.884375 0.883533 0.000842355 0.00188438
1.115 0.885997 0.88517 0.000827448 0.001886
1.12 0.887601 0.886788 0.000812736 0.0018876
1.125 0.889186 0.888388 0.000798219 0.00188919
1.13 0.890755 0.889971 0.000783895 0.00189075
1.135 0.892305 0.891535 0.000769765 0.00189231
1.14 0.893838 0.893082 0.000755827 0.00189384
1.145 0.895354 0.894612 0.00074208 0.00189535
1.15 0.896852 0.896124 0.000728522 0.00189685
1.155 0.898334 0.897619 0.000715154 0.00189833
1.16 0.899798 0.899096 0.000701974 0.0018998
1.165 0.901246 0.900557 0.000688981 0.00190125
1.17 0.902677 0.902 0.000676174 0.00190268
1.175 0.904091 0.903427 0.00066355 0.00190409
1.18 0.905489 0.904837 0.00065111 0.00190549
1.185 0.90687 0.906231 0.000638852 0.00190687
1.19 0.908235 0.907608 0.000626774 0.00190824
1.195 0.909584 0.908969 0.000614876 0.00190958
1.2 0.910917 0.910314 0.000603156 0.00191092
1.205 0.912234 0.911643 0.000591611 0.00191223
1.21 0.913536 0.912956 0.000580242 0.00191354
1.215 0.914822 0.914253 0.000569047 0.00191482
1.22 0.916092 0.915534 0.000558023 0.00191609
1.225 0.917347 0.9168 0.00054717 0.00191735
1.23 0.918587 0.91805 0.000536487 0.00191859
1.235 0.919811 0.919285 0.000525971 0.00191981
1.24 0.921021 0.920505 0.00051562 0.00192102
1.245 0.922216 0.92171 0.000505435 0.00192222
1.25 0.923396 0.9229 0.000495412 0.0019234
1.255 0.924561 0.924075 0.00048555 0.00192456
1.26 0.925712 0.925236 0.000475848 0.00192571
1.265 0.926848 0.926382 0.000466304 0.00192685
1.27 0.927971 0.927514 0.000456916 0.00192797
1.275 0.929079 0.928631 0.000447683 0.00192908
1.28 0.930173 0.929734 0.000438604 0.00193017
1.285 0.931253 0.930823 0.000429675 0.00193125
1.29 0.932715 0.931899 0.000815915 0.00193271
1.295 0.933761 0.93296 0.000800555 0.00193376
1.3 0.934793 0.934008 0.000785404 0.00193479
1.305 0.935813 0.935042 0.000770462 0.00193581
1.31 0.936819 0.936063 0.000755726 0.00193682
1.315 0.937812 0.937071 0.000741196 0.00193781
1.32 0.938792 0.938065 0.000726872 0.00193879
1.325 0.939759 0.939047 0.000712751 0.00193976
1.33 0.940714 0.940015 0.000698832 0.00194071
1.335 0.941656 0.940971 0.000685114 0.00194166
1.34 0.942585 0.941914 0.000671596 0.00194259
1.345 0.943502 0.942844 0.000658277 0.0019435
1.35 0.944407 0.943762 0.000645155 0.00194441
1.355 0.9453 0.944668 0.000632228 0.0019453
1.36 0.946181 0.945561 0.000619496 0.00194618
1.365 0.94705 0.946443 0.000606956 0.00194705
1.37 0.947907 0.947312 0.000594608 0.00194791
1.375 0.948753 0.94817 0.00058245 0.00194875
1.38 0.949587 0.949016 0.00057048 0.00194959
1.385 0.950409 0.94985 0.000558697 0.00195041
1.39 0.95122 0.950673 0.000547099 0.00195122
1.395 0.952021 0.951485 0.000535685 0.00195202
1.4 0.95281 0.952285 0.000524453 0.00195281
1.405 0.953588 0.953074 0.000513401 0.00195359
1.41 0.954355 0.953852 0.000502528 0.00195435
1.415 0.955112 0.95462 0.000491832 0.00195511
1.42 0.955857 0.955376 0.000481311 0.00195586
1.425 0.956593 0.956122 0.000470964 0.00195659
1.43 0.957318 0.956857 0.000460789 0.00195732
1.435 0.958033 0.957582 0.000450784 0.00195803
1.44 0.958738 0.958297 0.000440948 0.00195874
1.445 0.959432 0.959001 0.000431279 0.00195943
1.45 0.960117 0.959695 0.000421774 0.00196012
1.455 0.960792 0.960379 0.000412433 0.00196079
1.46 0.961457 0.961054 0.000403254 0.00196146
1.465 0.962112 0.961718 0.000394234 0.00196211
1.47 0.962758 0.962373 0.000385372 0.00196276
1.475 0.963395 0.963018 0.000376667 0.00196339
1.48 0.964022 0.963654 0.000368116 0.00196402
1.485 0.96464 0.964281 0.000359717 0.00196464
1.49 0.965249 0.964898 0.00035147 0.00196525
1.495 0.965849 0.965506 0.000343371 0.00196585
1.5 0.966441 0.966105 0.00033542 0.00196644
1.505 0.967023 0.966695 0.000327614 0.00196702
1.51 0.967597 0.967277 0.000319952 0.0019676
1.515 0.968162 0.967849 0.000312432 0.00196816
1.52 0.968719 0.968413 0.000305052 0.00196872
1.525 0.969267 0.968969 0.000297811 0.00196927
1.53 0.969807 0.969516 0.000290706 0.00196981
1.535 0.970339 0.970055 0.000283735 0.00197034
1.54 0.970863 0.970586 0.000276898 0.00197086
1.545 0.971378 0.971108 0.000270192 0.00197138
1.55 0.971886 0.971623 0.000263616 0.00197189
1.555 0.972387 0.972129 0.000257167 0.00197239
1.56 0.972879 0.972628 0.000250844 0.00197288
1.565 0.973364 0.973119 0.000244646 0.00197336
1.57 0.973841 0.973603 0.000238569 0.00197384
1.575 0.974311 0.974079 0.000232614 0.00197431
1.58 0.974774 0.974547 0.000226778 0.00197477
1.585 0.975229 0.975008 0.000221059 0.00197523
1.59 0.975677 0.975462 0.000215455 0.00197568
1.595 0.976119 0.975909 0.000209966 0.00197612
1.6 0.976553 0.976348 0.000204589 0.00197655
1.605 0.97698 0.976781 0.000199322 0.00197698
1.61 0.977401 0.977207 0.000194164 0.0019774
1.615 0.977815 0.977626 0.000189114 0.00197781
1.62 0.978222 0.978038 0.000184169 0.00197822
1.625 0.978623 0.978444 0.000179328 0.00197862
1.63 0.979017 0.978843 0.000174589 0.00197902
1.635 0.979405 0.979235 0.000169951 0.00197941
1.64 0.979787 0.979622 0.000165413 0.00197979
1.645 0.980163 0.980002 0.000160971 0.00198016
1.65 0.980532 0.980376 0.000156626 0.00198053
1.655 0.980896 0.980743 0.000152375 0.0019809
1.66 0.981253 0.981105 0.000148218 0.00198125
1.665 0.981605 0.981461 0.000144151 0.0019816
1.67 0.981951 0.98181 0.000140174 0.00198195
1.675 0.982291 0.982154 0.000136286 0.00198229
1.68 0.982625 0.982493 0.000132484 0.00198263
1.685 0.982954 0.982825 0.000128768 0.00198295
1.69 0.983278 0.983153 0.000125136 0.00198328
1.695 0.983596 0.983474 0.000121586 0.0019836
1.7 0.983909 0.98379 0.000118117 0.00198391
1.705 0.984216 0.984101 0.000114728 0.00198422
1.71 0.984518 0.984407 0.000111417 0.00198452
1.715 0.984816 0.984707 0.000108183 0.00198482
1.72 0.985108 0.985003 0.000105024 0.00198511
1.725 0.985395 0.985293 0.00010194 0.0019854
1.73 0.985677 0.985578 9.89277e-05 0.00198568
1.735 0.985955 0.985859 9.59872e-05 0.00198595
1.74 0.986228 0.986135 9.31168e-05 0.00198623
1.745 0.986496 0.986405 9.03152e-05 0.0019865
1.75 0.986759 0.986672 8.75811e-05 0.00198676
1.755 0.987018 0.986933 8.49133e-05 0.00198702
1.76 0.987273 0.98719 8.23105e-05 0.00198727
1.765 0.987523 0.987443 7.97714e-05 0.00198752
1.77 0.987768 0.987691 7.72949e-05 0.00198777
1.775 0.98801 0.987935 7.48797e-05 0.00198801
1.78 0.988247 0.988174 7.25246e-05 0.00198825
1.785 0.98848 0.988409 7.02285e-05 0.00198848
1.79 0.988709 0.988641 6.79903e-05 0.00198871
1.795 0.988933 0.988868 6.58087e-05 0.00198893
1.8 0.989154 0.989091 6.36826e-05 0.00198915
1.805 0.989371 0.989309 6.1611e-05 0.00198937
1.81 0.989584 0.989525 5.95927e-05 0.00198958
1.815 0.989793 0.989736 5.76267e-05 0.00198979
1.82 0.989999 0.989943 5.57119e-05 0.00199
1.825 0.990201 0.990147 5.38472e-05 0.0019902
1.83 0.990399 0.990347 5.20315e-05 0.0019904
1.835 0.990593 0.990543 5.0264e-05 0.00199059
1.84 0.990784 0.990736 4.85435e-05 0.00199078
1.845 0.990972 0.990925 4.68691e-05 0.00199097
1.85 0.991156 0.991111 4.52398e-05 0.00199116
1.855 0.991337 0.991293 4.36547e-05 0.00199134
1.86 0.990611 0.991472 0.000861508 0.00199061
1.865 0.990807 0.991648 0.000840853 0.00199081
1.87 0.991 0.991821 0.00082062 0.001991
1.875 0.991189 0.99199 0.000800804 0.00199119
1.88 0.991375 0.992156 0.000781398 0.00199137
1.885 0.991557 0.992319 0.000762393 0.00199156
1.89 0.991736 0.992479 0.000743785 0.00199174
1.895 0.991911 0.992636 0.000725566 0.00199191
1.9 0.992083 0.99279 0.000707729 0.00199208
1.905 0.992251 0.992942 0.000690269 0.00199225
1.91 0.992417 0.99309 0.000673179 0.00199242
1.915 0.992579 0.993235 0.000656452 0.00199258
1.92 0.992738 0.993378 0.000640083 0.00199274
1.925 0.992894 0.993518 0.000624064 0.00199289
1.93 0.993047 0.993656 0.000608391 0.00199305
1.935 0.993197 0.99379 0.000593057 0.0019932
1.94 0.993345 0.993923 0.000578056 0.00199334
1.945 0.993489 0.994052 0.000563382 0.00199349
1.95 0.99363 0.994179 0.000549029 0.00199363
1.955 0.993769 0.994304 0.000534992 0.00199377
1.96 0.993905 0.994426 0.000521265 0.00199391
1.965 0.994038 0.994546 0.000507842 0.00199404
1.97 0.994169 0.994664 0.000494718 0.00199417
1.975 0.994297 0.994779 0.000481887 0.0019943
1.98 0.994423 0.994892 0.000469345 0.00199442
1.985 0.994546 0.995003 0.000457084 0.00199455
1.99 0.994666 0.995111 0.000445101 0.00199467
1.995 0.994785 0.995218 0.00043339 0.00199478
2 0.9949 0.995322 0.000421947 0.0019949
2.005 0.995014 0.995425 0.000410765 0.00199501
2.01 0.995125 0.995525 0.00039984 0.00199513
2.015 0.995234 0.995623 0.000389167 0.00199523
2.02 0.995341 0.995719 0.000378741 0.00199534
2.025 0.995445 0.995814 0.000368558 0.00199545
2.03 0.995548 0.995906 0.000358613 0.00199555
2.035 0.995648 0.995997 0.0003489 0.00199565
2.04 0.995746 0.996086 0.000339416 0.00199575
2.045 0.995843 0.996173 0.000330157 0.00199584
2.05 0.995937 0.996258 0.000321117 0.00199594
2.055 0.996029 0.996342 0.000312292 0.00199603
2.06 0.99612 0.996423 0.000303678 0.00199612
2.065 0.996208 0.996504 0.000295271 0.00199621
2.07 0.996295 0.996582 0.000287066 0.0019963
2.075 0.99638 0.996659 0.00027906 0.00199638
2.08 0.996463 0.996734 0.000271248 0.00199646
2.085 0.996545 0.996808 0.000263626 0.00199654
2.09 0.996624 0.99688 0.000256191 0.00199662
2.095 0.996702 0.996951 0.000248939 0.0019967
2.1 0.996779 0.997021 0.000241865 0.00199678
2.105 0.996853 0.997088 0.000234967 0.00199685
2.11 0.996927 0.997155 0.000228239 0.00199693
2.115 0.996998 0.99722 0.00022168 0.001997
2.12 0.997068 0.997284 0.000215285 0.00199707
2.125 0.997137 0.997346 0.000209051 0.00199714
2.13 0.997204 0.997407 0.000202974 0.0019972
2.135 0.99727 0.997467 0.000197051 0.00199727
2.14 0.997334 0.997525 0.000191278 0.00199733
2.145 0.997397 0.997583 0.000185653 0.0019974
2.15 0.997458 0.997639 0.000180172 0.00199746
2.155 0.997519 0.997693 0.000174832 0.00199752
2.16 0.997578 0.997747 0.00016963 0.00199758
2.165 0.997635 0.9978 0.000164563 0.00199764
2.17 0.997691 0.997851 0.000159627 0.00199769
2.175 0.997747 0.997901 0.000154821 0.00199775
2.18 0.997801 0.997951 0.000150141 0.0019978
2.185 0.997853 0.997999 0.000145583 0.00199785
2.19 0.997905 0.998046 0.000141147 0.0019979
2.195 0.997955 0.998092 0.000136828 0.00199796
2.2 0.998005 0.998137 0.000132624 0.001998
2.205 0.998053 0.998181 0.000128532 0.00199805
2.21 0.9981 0.998224 0.00012455 0.0019981
2.215 0.998146 0.998267 0.000120676 0.00199815
2.22 0.998191 0.998308 0.000116906 0.00199819
2.225 0.998235 0.998348 0.000113239 0.00199824
2.23 0.998278 0.998388 0.000109672 0.00199828
2.235 0.99832 0.998426 0.000106202 0.00199832
2.24 0.998361 0.998464 0.000102828 0.00199836
2.245 0.998402 0.998501 9.95465e-05 0.0019984
2.25 0.998441 0.998537 9.63561e-05 0.00199844
2.255 0.998479 0.998573 9.32544e-05 0.00199848
2.26 0.998517 0.998607 9.02393e-05 0.00199852
2.265 0.998554 0.998641 8.73087e-05 0.00199855
2.27 0.998589 0.998674 8.44605e-05 0.00199859
2.275 0.998624 0.998706 8.16928e-05 0.00199862
2.28 0.998659 0.998738 7.90035e-05 0.00199866
2.285 0.998692 0.998768 7.63909e-05 0.00199869
2.29 0.998725 0.998799 7.38529e-05 0.00199872
2.295 0.998757 0.998828 7.13877e-05 0.00199876
2.3 0.998788 0.998857 6.89936e-05 0.00199879
2.305 0.998818 0.998885 6.66688e-05 0.00199882
2.31 0.998848 0.998912 6.44115e-05 0.00199885
2.315 0.998877 0.998939 6.222e-05 0.00199888
2.32 0.998905 0.998966 6.00927e-05 0.00199891
2.325 0.998933 0.998991 5.8028e-05 0.00199893
2.33 0.99896 0.999016 5.60242e-05 0.00199896
2.335 0.998987 0.999041 5.40799e-05 0.00199899
2.34 0.999012 0.999065 5.21935e-05 0.00199901
2.345 0.999038 0.999088 5.03634e-05 0.00199904
2.35 0.999062 0.999111 4.85883e-05 0.00199906
2.355 0.999086 0.999133 4.68668e-05 0.00199909
2.36 0.99911 0.999155 4.51973e-05 0.00199911
2.365 0.999132 0.999176 4.35786e-05 0.00199913
2.37 0.999155 0.999197 4.20094e-05 0.00199915
2.375 0.999177 0.999217 4.04882e-05 0.00199918
2.38 0.999198 0.999237 3.9014e-05 0.0019992
2.385 0.999219 0.999256 3.75853e-05 0.00199922
2.39 0.999239 0.999275 3.6201e-05 0.00199924
2.395 0.999259 0.999293 3.48599e-05 0.00199926
2.4 0.999278 0.999311 3.35608e-05 0.00199928
2.405 0.999297 0.999329 3.23027e-05 0.0019993
2.41 0.999315 0.999346 3.10843e-05 0.00199932
2.415 0.999333 0.999363 2.99046e-05 0.00199933
2.42 0.999351 0.999379 2.87625e-05 0.00199935
2.425 0.999368 0.999395 2.76571e-05 0.00199937
2.43 0.999384 0.999411 2.65872e-05 0.00199938
2.435 0.9994 0.999426 2.5552e-05 0.0019994
2.44 0.999416 0.999441 2.45504e-05 0.00199942
2.445 0.999432 0.999455 2.35815e-05 0.00199943
2.45 0.999447 0.999469 2.26444e-05 0.00199945
2.455 0.999461 0.999483 2.17382e-05 0.00199946
2.46 0.999476 0.999497 2.0862e-05 0.00199948
2.465 0.99949 0.99951 2.00149e-05 0.00199949
2.47 0.999503 0.999523 1.91962e-05 0.0019995
2.475 0.999517 0.999535 1.84049e-05 0.00199952
2.48 0.99953 0.999547 1.76404e-05 0.00199953
2.485 0.999542 0.999559 1.69019e-05 0.00199954
2.49 0.999555 0.999571 1.61885e-05 0.00199955
2.495 0.999567 0.999582 1.54996e-05 0.00199957
2.5 0.999578 0.999593 1.48345e-05 0.00199958
2.505 0.99959 0.999604 1.41924e-05 0.00199959
2.51 0.999601 0.999614 1.35726e-05 0.0019996
2.515 0.999612 0.999625 1.29745e-05 0.00199961
2.52 0.999622 0.999635 1.23975e-05 0.00199962
2.525 0.999632 0.999644 1.18409e-05 0.00199963
2.53 0.999642 0.999654 1.13042e-05 0.00199964
2.535 0.999652 0.999663 1.07866e-05 0.00199965
2.54 0.999662 0.999672 1.02876e-05 0.00199966
2.545 0.999671 0.999681 9.80672e-06 0.00199967
2.55 0.99968 0.999689 9.34332e-06 0.00199968
2.555 0.999689 0.999698 8.89688e-06 0.00199969
2.56 0.999697 0.999706 8.46689e-06 0.0019997
2.565 0.999706 0.999714 8.05282e-06 0.00199971
2.57 0.999714 0.999722 7.65418e-06 0.00199971
2.575 0.999722 0.999729 7.27049e-06 0.00199972
2.58 0.999729 0.999736 6.90127e-06 0.00199973
2.585 0.999737 0.999744 6.54608e-06 0.00199974
2.59 0.999744 0.999751 6.20446e-06 0.00199974
2.595 0.999751 0.999757 5.87598e-06 0.00199975
2.6 0.999758 0.999764 5.56022e-06 0.00199976
2.605 0.999765 0.99977 5.25676e-06 0.00199977
2.61 0.999772 0.999777 4.96522e-06 0.00199977
2.615 0.999778 0.999783 4.6852e-06 0.00199978
2.62 0.999784 0.999789 4.41632e-06 0.00199978
2.625 0.99979 0.999795 4.15822e-06 0.00199979
2.63 0.999796 0.9998 3.91055e-06 0.0019998
2.635 0.999802 0.999806 3.67295e-06 0.0019998
2.64 0.999808 0.999811 3.44509e-06 0.00199981
2.645 0.999813 0.999816 3.22665e-06 0.00199981
2.65 0.999818 0.999822 3.0173e-06 0.00199982
2.655 0.999824 0.999826 2.81674e-06 0.00199982
2.66 0.999829 0.999831 2.62467e-06 0.00199983
2.665 0.999834 0.999836 2.44079e-06 0.00199983
2.67 0.999838 0.999841 2.26484e-06 0.00199984
2.675 0.999843 0.999845 2.09652e-06 0.00199984
2.68 0.999847 0.999849 1.93558e-06 0.00199985
2.685 0.999852 0.999854 1.78176e-06 0.00199985
2.69 0.999856 0.999858 1.6348e-06 0.00199986
2.695 0.99986 0.999862 1.49447e-06 0.00199986
2.7 0.999864 0.999866 1.36053e-06 0.00199986
2.705 0.999868 0.999869 1.23275e-06 0.00199987
2.71 0.999872 0.999873 1.11091e-06 0.00199987
2.715 0.999876 0.999877 9.9479e-07 0.00199988
2.72 0.999879 0.99988 8.84186e-07 0.00199988
2.725 0.999883 0.999884 7.78894e-07 0.00199988
2.73 0.999886 0.999887 6.7872e-07 0.00199989
2.735 0.99989 0.99989 5.83473e-07 0.00199989
2.74 0.999893 0.999893 4.9297e-07 0.00199989
2.745 0.999896 0.999896 4.07032e-07 0.0019999
2.75 0.999899 0.999899 3.25487e-07 0.0019999
2.755 0.999902 0.999902 2.48168e-07 0.0019999
2.76 0.999905 0.999905 1.74912e-07 0.0019999
2.765 0.999908 0.999908 1.05564e-07 0.00199991
2.77 0.99991 0.99991 3.99715e-08 0.00199991
2.775 0.999913 0.999913 2.20121e-08 0.00199991
2.78 0.999916 0.999916 8.05289e-08 0.00199992
2.785 0.999918 0.999918 1.35716e-07 0.00199992
2.79 0.999921 0.99992 1.87707e-07 0.00199992
2.795 0.999923 0.999923 2.3663e-07 0.00199992
2.8 0.999925 0.999925 2.82609e-07 0.00199993
2.805 0.999928 0.999927 3.25765e-07 0.00199993
2.81 0.99993 0.999929 3.66213e-07 0.00199993
2.815 0.999932 0.999931 4.04066e-07 0.00199993
2.82 0.999934 0.999933 4.39433e-07 0.00199993
2.825 0.999936 0.999935 4.72419e-07 0.00199994
2.83 0.999938 0.999937 5.03124e-07 0.00199994
2.835 0.99994 0.999939 5.31646e-07 0.00199994
2.84 0.999941 0.999941 5.5808e-07 0.00199994
2.845 0.999943 0.999943 5.82517e-07 0.00199994
2.85 0.999945 0.999944 6.05046e-07 0.00199994
2.855 0.999947 0.999946 6.2575e-07 0.00199995
2.86 0.999948 0.999948 6.44712e-07 0.00199995
2.865 0.99995 0.999949 6.62011e-07 0.00199995
2.87 0.999951 0.999951 6.77723e-07 0.00199995
2.875 0.999953 0.999952 6.91921e-07 0.00199995
2.88 0.999954 0.999954 7.04677e-07 0.00199995
2.885 0.999956 0.999955 7.16058e-07 0.00199996
2.89 0.999957 0.999956 7.26131e-07 0.00199996
2.895 0.999958 0.999958 7.34958e-07 0.00199996
2.9 0.99996 0.999959 7.42601e-07 0.00199996
2.905 0.999961 0.99996 7.49119e-07 0.00199996
2.91 0.999962 0.999961 7.54568e-07 0.00199996
2.915 0.999963 0.999963 7.59002e-07 0.00199996
2.92 0.999964 0.999964 7.62474e-07 0.00199996
2.925 0.999966 0.999965 7.65033e-07 0.00199997
2.93 0.999967 0.999966 7.6673e-07 0.00199997
2.935 0.999968 0.999967 7.6761e-07 0.00199997
2.94 0.999969 0.999968 7.67717e-07 0.00199997
2.945 0.99997 0.999969 7.67095e-07 0.00199997
2.95 0.999971 0.99997 7.65785e-07 0.00199997
2.955 0.999971 0.999971 7.63827e-07 0.00199997
2.96 0.999972 0.999972 7.61259e-07 0.00199997
2.965 0.999973 0.999972 7.58117e-07 0.00199997
2.97 0.999974 0.999973 7.54436e-07 0.00199997
2.975 0.999975 0.999974 7.5025e-07 0.00199997
2.98 0.999976 0.999975 7.45591e-07 0.00199998
2.985 0.999976 0.999976 7.4049e-07 0.00199998
2.99 0.999977 0.999976 7.34976e-07 0.00199998
2.995 0.999978 0.999977 7.29078e-07 0.00199998
3 0.999979 0.999978 7.22823e-07 0.00199998
3.005 0.999979 0.999979 7.16237e-07 0.00199998
3.01 0.99998 0.999979 7.09344e-07 0.00199998
3.015 0.999981 0.99998 7.02169e-07 0.00199998
3.02 0.999981 0.999981 6.94733e-07 0.00199998
3.025 0.999982 0.999981 6.87059e-07 0.00199998
3.03 0.999982 0.999982 6.79167e-07 0.00199998
3.035 0.999983 0.999982 6.71076e-07 0.00199998
3.04 0.999984 0.999983 6.62807e-07 0.00199998
3.045 0.999984 0.999983 6.54376e-07 0.00199998
3.05 0.999985 0.999984 6.458e-07 0.00199998
3.055 0.999985 0.999984 6.37097e-07 0.00199999
3.06 0.999986 0.999985 6.2828e-07 0.00199999
3.065 0.999986 0.999985 6.19366e-07 0.00199999
3.07 0.999986 0.999986 6.10368e-07 0.00199999
3.075 0.999987 0.999986 6.01299e-07 0.00199999
3.08 0.999987 0.999987 5.92172e-07 0.00199999
3.085 0.999988 0.999987 5.82999e-07 0.00199999
3.09 0.999988 0.999988 5.73792e-07 0.00199999
3.095 0.999989 0.999988 5.6456e-07 0.00199999
3.1 0.999989 0.999988 5.55314e-07 0.00199999
3.105 0.999989 0.999989 5.46064e-07 0.00199999
3.11 0.99999 0.999989 5.36819e-07 0.00199999
3.115 0.99999 0.999989 5.27587e-07 0.00199999
3.12 0.99999 0.99999 5.18376e-07 0.00199999
3.125 0.999991 0.99999 5.09195e-07 0.00199999
3.13 0.999991 0.99999 5.00049e-07 0.00199999
3.135 0.999991 0.999991 4.90946e-07 0.00199999
3.14 0.999992 0.999991 4.81893e-07 0.00199999
3.145 0.999992 0.999991 4.72894e-07 0.00199999
3.15 0.999992 0.999992 4.63956e-07 0.00199999
3.155 0.999992 0.999992 4.55084e-07 0.00199999
3.16 0.999993 0.999992 4.46282e-07 0.00199999
3.165 0.999993 0.999992 4.37554e-07 0.00199999
3.17 0.999993 0.999993 4.28906e-07 0.00199999
3.175 0.999993 0.999993 4.2034e-07 0.00199999
3.18 0.999994 0.999993 4.11861e-07 0.00199999
3.185 0.999994 0.999993 4.03471e-07 0.00199999
3.19 0.999994 0.999994 3.95174e-07 0.00199999
3.195 0.999994 0.999994 3.86972e-07 0.00199999
3.2 0.999994 0.999994 3.78868e-07 0.00199999
3.205 0.999995 0.999994 3.70864e-07 0.00199999
3.21 0.999995 0.999994 3.62962e-07 0.00199999
3.215 0.999995 0.999995 3.55163e-07 0.00199999
3.22 0.999995 0.999995 3.4747e-07 0.002
3.225 0.999995 0.999995 3.39884e-07 0.002
3.23 0.999995 0.999995 3.32405e-07 0.002
3.235 0.999996 0.999995 3.25036e-07 0.002
3.24 0.999996 0.999995 3.17777e-07 0.002
3.245 0.999996 0.999996 3.10628e-07 0.002
3.25 0.999996 0.999996 3.03591e-07 0.002
3.255 0.999996 0.999996 2.96665e-07 0.002
3.26 0.999996 0.999996 2.89852e-07 0.002
3.265 0.999996 0.999996 2.83151e-07 0.002
3.27 0.999997 0.999996 2.76562e-07 0.002
3.275 0.999997 0.999996 2.70085e-07 0.002
3.28 0.999997 0.999996 2.6372e-07 0.002
3.285 0.999997 0.999997 2.57468e-07 0.002
3.29 0.999997 0.999997 2.51326e-07 0.002
3.295 0.999997 0.999997 2.45296e-07 0.002
3.3 0.999997 0.999997 2.39377e-07 0.002
3.305 0.999997 0.999997 2.33567e-07 0.002
3.31 0.999997 0.999997 2.27866e-07 0.002
3.315 0.999997 0.999997 2.22275e-07 0.002
3.32 0.999998 0.999997 2.16791e-07 0.002
3.325 0.999998 0.999997 2.11413e-07 0.002
3.33 0.999998 0.999998 2.06142e-07 0.002
3.335 0.999998 0.999998 2.00976e-07 0.002
3.34 0.999998 0.999998 1.95914e-07 0.002
3.345 0.999998 0.999998 1.90955e-07 0.002
3.35 0.999998 0.999998 1.86098e-07 0.002
3.355 0.999998 0.999998 1.81341e-07 0.002
3.36 0.999998 0.999998 1.76684e-07 0.002
3.365 0.999998 0.999998 1.72126e-07 0.002
3.37 0.999998 0.999998 1.67664e-07 0.002
3.375 0.999998 0.999998 1.63299e-07 0.002
3.38 0.999998 0.999998 1.59028e-07 0.002
3.385 0.999998 0.999998 1.5485e-07 0.002
3.39 0.999999 0.999998 1.50765e-07 0.002
3.395 0.999999 0.999998 1.4677e-07 0.002
3.4 0.999999 0.999998 1.42864e-07 0.002
3.405 0.999999 0.999999 1.39047e-07 0.002
3.41 0.999999 0.999999 1.35316e-07 0.002
3.415 0.999999 0.999999 1.31671e-07 0.002
3.42 0.999999 0.999999 1.28109e-07 0.002
3.425 0.999999 0.999999 1.2463e-07 0.002
3.43 0.999999 0.999999 1.21233e-07 0.002
3.435 0.999999 0.999999 1.17915e-07 0.002
3.44 0.999999 0.999999 1.14676e-07 0.002
3.445 0.999999 0.999999 1.11513e-07 0.002
3.45 0.999999 0.999999 1.08427e-07 0.002
3.455 0.999999 0.999999 1.05414e-07 0.002
3.46 0.999999 0.999999 1.02475e-07 0.002
3.465 0.999999 0.999999 9.96075e-08 0.002
3.47 0.999999 0.999999 9.68102e-08 0.002
3.475 0.999999 0.999999 9.40819e-08 0.002
3.48 0.999999 0.999999 9.14211e-08 0.002
3.485 0.999999 0.999999 8.88267e-08 0.002
3.49 0.999999 0.999999 8.62973e-08 0.002
3.495 0.999999 0.999999 8.38316e-08 0.002
3.5 0.999999 0.999999 8.14283e-08 0.002
3.505 0.999999 0.999999 7.90862e-08 0.002
3.51 0.999999 0.999999 7.6804e-08 0.002
3.515 0.999999 0.999999 7.45804e-08 0.002
3.52 0.999999 0.999999 7.24143e-08 0.002
3.525 0.999999 0.999999 7.03044e-08 0.002
3.53 0.999999 0.999999 6.82495e-08 0.002
3.535 0.999999 0.999999 6.62484e-08 0.002
3.54 1 0.999999 6.42999e-08 0.002
3.545 1 0.999999 6.2403e-08 0.002
3.55 1 0.999999 6.05564e-08 0.002
3.555 1 1 5.87591e-08 0.002
3.56 1 1 5.70099e-08 0.002
3.565 1 1 5.53078e-08 0.002
3.57 1 1 5.36516e-08 0.002
3.575 1 1 5.20404e-08 0.002
3.58 1 1 5.0473e-08 0.002
3.585 1 1 4.89485e-08 0.002
3.59 1 1 4.74658e-08 0.002
3.595 1 1 4.6024e-08 0.002
3.6 1 1 4.46221e-08 0.002
3.605 1 1 4.32591e-08 0.002
3.61 1 1 4.19342e-08 0.002
3.615 1 1 4.06463e-08 0.002
3.62 1 1 3.93946e-08 0.002
3.625 1 1 3.81782e-08 0.002
3.63 1 1 3.69962e-08 0.002
3.635 1 1 3.58477e-08 0.002
3.64 1 1 3.4732e-08 0.002
3.645 1 1 3.36482e-08 0.002
3.65 1 1 3.25956e-08 0.002
3.655 1 1 3.15732e-08 0.002
3.66 1 1 3.05803e-08 0.002
3.665 1 1 2.96163e-08 0.002
3.67 1 1 2.86803e-08 0.002
3.675 1 1 2.77716e-08 0.002
3.68 1 1 2.68895e-08 0.002
3.685 1 1 2.60334e-08 0.002
3.69 1 1 2.52025e-08 0.002
3.695 1 1 2.43961e-08 0.002
3.7 1 1 2.36137e-08 0.002
3.705 1 1 2.28545e-08 0.002
3.71 1 1 2.2118e-08 0.002
3.715 1 1 2.14035e-08 0.002
3.72 1 1 2.07105e-08 0.002
3.725 1 1 2.00384e-08 0.002
3.73 1 1 1.93865e-08 0.002
3.735 1 1 1.87544e-08 0.002
3.74 1 1 1.81416e-08 0.002
3.745 1 1 1.75473e-08 0.002
3.75 1 1 1.69713e-08 0.002
3.755 1 1 1.64129e-08 0.002
3.76 1 1 1.58717e-08 0.002
3.765 1 1 1.53471e-08 0.002
3.77 1 1 1.48388e-08 0.002
3.775 1 1 1.43462e-08 0.002
3.78 1 1 1.38689e-08 0.002
3.785 1 1 1.34065e-08 0.002
3.79 1 1 1.29586e-08 0.002
3.795 1 1 1.25246e-08 0.002
3.8 1 1 1.21044e-08 0.002
3.805 1 1 1.16973e-08 0.002
3.81 1 1 1.13031e-08 0.002
3.815 1 1 1.09214e-08 0.002
3.82 1 1 1.05518e-08 0.002
3.825 1 1 1.0194e-08 0.002
3.83 1 1 9.84755e-09 0.002
3.835 1 1 9.51221e-09 0.002
3.84 1 1 9.18763e-09 0.002
3.845 1 1 8.87348e-09 0.002
3.85 1 1 8.56945e-09 0.002
3.855 1 1 8.27525e-09 0.002
3.86 1 1 7.99058e-09 0.002
3.865 1 1 7.71514e-09 0.002
3.87 1 1 7.44868e-09 0.002
3.875 1 1 7.1909e-09 0.002
3.88 1 1 6.94155e-09 0.002
3.885 1 1 6.70038e-09 0.002
3.89 1 1 6.46713e-09 0.002
3.895 1 1 6.24156e-09 0.002
3.9 1 1 6.02343e-09 0.002
3.905 1 1 5.81252e-09 0.002
3.91 1 1 5.60861e-09 0.002
3.915 1 1 5.41147e-09 0.002
3.92 1 1 5.2209e-09 0.002
3.925 1 1 5.03669e-09 0.002
3.93 1 1 4.85865e-09 0.002
3.935 1 1 4.68658e-09 0.002
3.94 1 1 4.52029e-09 0.002
3.945 1 1 4.3596e-09 0.002
3.95 1 1 4.20433e-09 0.002
3.955 1 1 4.05432e-09 0.002
3.96 1 1 3.9094e-09 0.002
3.965 1 1 3.7694e-09 0.002
3.97 1 1 3.63416e-09 0.002
3.975 1 1 3.50354e-09 0.002
3.98 1 1 3.37739e-09 0.002
3.985 1 1 3.25556e-09 0.002
3.99 1 1 3.13792e-09 0.002
3.995 1 1 3.02432e-09 0.002
4 1 1 2.91464e-09 0.002
