125 2 10
125.493 6.95111 9.53464
125.923 6.78405 9.9158
127.823 5.35904 13.2477
126.978 5.65432 12.6069
126.262 5.7607 12.3808
126.025 3.46438 12.9557
125.919 2.63845 13.0932
125.965 2.63786 13.0908
125.947 2.65012 13.0769
125.965 2.65642 13.0728
125.958 2.66435 13.0587
125.963 2.63856 13.038
125.96 2.62871 12.9893
125.947 2.64702 12.8858
125.98 2.63123 12.8825
125.966 2.61371 12.8739
125.969 2.62458 12.8664
125.97 2.63021 12.859
125.96 2.62718 12.8564
125.969 2.6161 12.8342
125.967 2.6352 12.809
125.973 2.6147 12.7896
125.973 2.61327 12.7882
125.96 2.61291 12.7853
125.972 2.61439 12.7382
125.972 2.6 12.7313
125.972 2.61415 12.7031
125.972 2.61419 12.7029
125.96 2.60628 12.7013
125.965 2.59908 12.6968
125.964 2.604 12.6494
125.973 2.58854 12.6317
125.96 2.58768 12.629
125.972 2.58448 12.5849
125.973 2.55525 12.5503
125.972 2.57623 12.5402
125.972 2.57796 12.538
125.96 2.57457 12.5357
125.969 2.56189 12.5162
125.967 2.57265 12.5048
125.973 2.55817 12.4556
125.974 2.5538 12.4503
125.96 2.55531 12.4474
125.968 2.5646 12.4249
125.966 2.53573 12.4124
125.97 2.53981 12.3705
125.972 2.54695 12.3473
125.973 2.54973 12.3323
125.96 2.54314 12.3309
125.969 2.53047 12.3229
125.962 2.54913 12.283
125.974 2.52143 12.2586
125.961 2.52305 12.2558
125.968 2.53292 12.2346
125.966 2.5057 12.2235
125.97 2.50918 12.1846
125.972 2.51577 12.1634
125.973 2.51712 12.1566
125.961 2.512 12.155
125.967 2.50198 12.1473
125.964 2.51357 12.1275
125.971 2.49957 12.0916
125.972 2.49663 12.0879
125.962 2.49611 12.0857
125.973 2.49535 12.0492
125.973 2.47909 12.0384
125.973 2.49032 12.0292
125.973 2.4908 12.0286
125.962 2.48799 12.0267
125.969 2.47738 12.0107
125.967 2.48747 12.0008
125.971 2.4781 11.9606
125.973 2.46686 11.9481
125.962 2.46936 11.9454
125.967 2.47625 11.9356
125.965 2.45788 11.9223
125.97 2.4577 11.8896
125.972 2.46222 11.8796
125.963 2.46098 11.8776
125.973 2.45308 11.8456
125.972 2.45995 11.8318
125.973 2.44553 11.8271
125.962 2.44827 11.8246
125.967 2.4557 11.8151
125.966 2.4389 11.8027
125.971 2.4394 11.771
125.972 2.44301 11.7628
125.963 2.44118 11.7611
125.974 2.42792 11.7318
125.97 2.44688 11.7192
125.973 2.42589 11.7096
125.963 2.42818 11.7072
125.967 2.43465 11.6984
125.966 2.41763 11.6866
125.97 2.41736 11.658
125.972 2.42163 11.6493
125.964 2.42061 11.6476
125.973 2.4145 11.6188
125.972 2.42066 11.5951
125.973 2.40233 11.5925
125.963 2.40623 11.5899
125.967 2.4112 11.5854
125.966 2.39188 11.5593
125.974 2.40655 11.5378
125.963 2.40301 11.5366
125.97 2.38888 11.5251
125.966 2.40703 11.5111
125.969 2.39748 11.4859
125.972 2.38534 11.4692
125.972 2.38388 11.4667
125.972 2.38386 11.4667
125.964 2.38576 11.4646
125.968 2.39111 11.4569
125.967 2.37659 11.4466
125.972 2.37945 11.4208
125.964 2.37933 11.4191
125.973 2.3816 11.3924
125.972 2.36422 11.3875
125.973 2.37995 11.3745
125.964 2.37513 11.3738
125.97 2.36524 11.3691
125.967 2.37278 11.3562
125.973 2.36175 11.331
125.964 2.36247 11.3292
125.969 2.36798 11.3159
125.969 2.3578 11.3124
125.971 2.35251 11.2854
125.972 2.3582 11.2741
125.965 2.35536 11.2731
125.968 2.34949 11.2682
125.967 2.35481 11.2613
125.97 2.35331 11.2345
125.973 2.34241 11.2258
125.965 2.34332 11.2241
125.969 2.3498 11.2114
125.969 2.34021 11.2084
125.971 2.33423 11.1835
125.972 2.33939 11.1727
125.965 2.33679 11.1718
125.968 2.33137 11.1672
125.967 2.33647 11.1607
125.97 2.3353 11.1359
125.973 2.32578 11.1286
125.965 2.32616 11.1272
125.969 2.32983 11.1157
125.969 2.32061 11.1124
125.972 2.31686 11.089
125.972 2.32151 11.0808
125.966 2.31951 11.0799
125.971 2.31128 11.071
125.968 2.32399 11.0602
125.973 2.31069 11.0436
125.966 2.31082 11.0423
125.969 2.31316 11.0318
125.969 2.30468 11.0282
125.972 2.30307 11.0058
125.972 2.30639 11.0001
125.966 2.30455 10.9991
125.971 2.29695 10.9908
125.97 2.30301 10.9857
125.973 2.2965 10.9652
125.966 2.29651 10.964
125.972 2.2998 10.9446
125.972 2.29173 10.9433
125.972 2.29505 10.9382
125.966 2.29317 10.9373
125.971 2.28526 10.9296
125.968 2.29672 10.9201
125.973 2.28484 10.9054
125.966 2.28516 10.9042
125.969 2.28837 10.8946
125.969 2.28039 10.892
125.972 2.27687 10.8728
125.972 2.28074 10.8664
125.967 2.27939 10.8655
125.97 2.27394 10.858
125.97 2.27932 10.853
125.973 2.27235 10.8354
125.967 2.2724 10.8343
125.972 2.27579 10.817
125.972 2.26823 10.8161
125.972 2.27108 10.8115
125.967 2.26942 10.8107
125.971 2.2624 10.8039
125.969 2.27272 10.7955
125.973 2.2618 10.7826
125.967 2.26221 10.7815
125.97 2.26577 10.7729
125.97 2.25844 10.7708
125.971 2.25429 10.7542
125.972 2.26072 10.7434
125.967 2.25774 10.743
125.971 2.25134 10.7404
125.969 2.25684 10.7325
125.972 2.25076 10.7186
125.967 2.25067 10.7177
125.972 2.25212 10.7027
125.972 2.24661 10.7014
125.972 2.24982 10.6975
125.967 2.24807 10.6969
125.97 2.24431 10.694
125.969 2.24817 10.6896
125.97 2.24914 10.6738
125.973 2.23724 10.666
125.967 2.23905 10.6647
125.97 2.24446 10.6603
125.968 2.23438 10.6557
125.97 2.23157 10.6444
125.973 2.23824 10.6316
125.967 2.236 10.6312
125.97 2.23113 10.6288
125.969 2.23453 10.625
125.97 2.23573 10.6104
125.972 2.2297 10.6055
125.968 2.22946 10.6047
125.973 2.22863 10.592
125.973 2.22422 10.5885
125.973 2.2289 10.5854
125.968 2.22696 10.5849
125.97 2.22274 10.5826
125.969 2.22618 10.5789
125.97 2.22805 10.5652
125.972 2.22142 10.5603
125.969 2.22101 10.5596
125.973 2.21822 10.548
125.972 2.22132 10.5395
125.973 2.21478 10.5392
125.968 2.21573 10.5383
125.97 2.21884 10.5347
125.969 2.21411 10.5328
125.969 2.2122 10.5301
125.97 2.20794 10.5198
125.972 2.21199 10.5125
125.972 2.2122 10.5121
125.969 2.21179 10.5114
125.973 2.20898 10.5007
125.972 2.213 10.4927
125.973 2.2074 10.4926
125.968 2.20752 10.4919
125.97 2.20933 10.4861
125.97 2.20371 10.4844
125.972 2.2002 10.4731
125.972 2.20596 10.4642
125.969 2.20394 10.4639
125.972 2.1995 10.4622
125.97 2.20285 10.4569
125.972 2.19995 10.452
125.969 2.19992 10.4513
125.973 2.20111 10.4409
125.972 2.19368 10.4394
125.973 2.20097 10.4343
125.968 2.19848 10.4341
125.972 2.19304 10.4327
125.97 2.19728 10.4274
125.972 2.1943 10.4184
125.972 2.1942 10.4183
125.969 2.1938 10.4177
125.971 2.19217 10.4132
125.972 2.19334 10.4106
125.972 2.19105 10.4087
125.969 2.19132 10.408
125.971 2.19347 10.4029
125.971 2.18936 10.4016
125.972 2.18902 10.3915
125.969 2.18857 10.391
125.972 2.1855 10.3824
125.972 2.1876 10.3803
125.972 2.18482 10.3788
125.969 2.18534 10.3782
125.97 2.18706 10.3756
125.97 2.18376 10.374
125.971 2.17998 10.3652
125.972 2.18365 10.3608
125.969 2.18288 10.3604
125.971 2.17974 10.3567
125.97 2.1833 10.354
125.971 2.1823 10.3448
125.972 2.17784 10.3417
125.969 2.17825 10.3411
125.972 2.18101 10.3364
125.971 2.17394 10.3346
125.972 2.17707 10.3264
125.969 2.17625 10.3261
125.971 2.1728 10.3227
125.971 2.17623 10.3203
125.971 2.17579 10.3117
125.972 2.17236 10.3093
125.97 2.17232 10.3088
125.972 2.17298 10.3009
125.972 2.16771 10.2997
125.972 2.1705 10.2978
125.972 2.17062 10.2977
125.969 2.17027 10.2972
125.972 2.16808 10.2902
125.972 2.17067 10.2866
125.972 2.16514 10.285
125.97 2.16646 10.2842
125.971 2.16818 10.283
125.971 2.16415 10.2765
125.972 2.16578 10.2742
125.97 2.16559 10.2738
125.972 2.16478 10.2669
125.972 2.16105 10.2619
125.972 2.16481 10.2601
125.97 2.16364 10.2598
125.972 2.16101 10.2586
125.97 2.16391 10.2549
125.972 2.16119 10.2492
125.97 2.16084 10.2488
125.972 2.15821 10.2427
125.972 2.16184 10.2399
125.973 2.15646 10.2386
125.97 2.15755 10.238
125.972 2.16067 10.2358
125.971 2.15643 10.2337
125.972 2.15607 10.2277
125.972 2.15626 10.2273
125.97 2.15628 10.2269
125.972 2.1567 10.2236
125.972 2.15492 10.2225
125.972 2.15538 10.2217
125.972 2.15544 10.2216
125.97 2.15528 10.2212
125.972 2.15444 10.2152
125.972 2.15243 10.2113
125.972 2.15358 10.2105
125.972 2.15383 10.2103
125.97 2.15331 10.21
125.971 2.15122 10.2074
125.971 2.15378 10.2054
125.972 2.15317 10.1991
125.972 2.1478 10.1955
125.97 2.149 10.1949
125.971 2.15064 10.1939
125.971 2.14856 10.1914
125.973 2.14915 10.1853
125.97 2.14849 10.185
125.971 2.14573 10.1828
125.971 2.14845 10.1811
125.971 2.14913 10.175
125.972 2.14652 10.1731
125.972 2.14426 10.1711
125.97 2.14478 10.1706
125.971 2.14634 10.169
125.971 2.14294 10.1672
125.972 2.14324 10.1625
125.972 2.14325 10.1625
125.971 2.14341 10.1621
125.972 2.14456 10.1593
125.972 2.14056 10.158
125.972 2.14222 10.1554
125.97 2.14217 10.1551
125.972 2.14245 10.1501
125.972 2.14071 10.1496
125.972 2.14133 10.1489
125.972 2.14139 10.1488
125.97 2.14108 10.1486
125.972 2.1386 10.1442
125.972 2.14055 10.1431
125.972 2.1391 10.1422
125.971 2.13933 10.1419
125.972 2.14097 10.1392
125.971 2.13654 10.1382
125.972 2.13809 10.1336
125.971 2.13794 10.1333
125.972 2.13706 10.1289
125.972 2.13691 10.1253
125.972 2.13511 10.1244
125.971 2.13559 10.124
125.972 2.13703 10.1226
125.971 2.13403 10.1211
125.972 2.13402 10.1172
125.972 2.13436 10.1168
125.971 2.13444 10.1165
125.972 2.13512 10.1142
125.972 2.13346 10.1135
125.972 2.1341 10.1111
125.971 2.1337 10.1109
125.972 2.13193 10.1092
125.971 2.13357 10.1079
125.972 2.13248 10.1036
125.972 2.13195 10.1033
125.971 2.13187 10.1031
125.972 2.13177 10.099
125.972 2.12961 10.0979
125.972 2.13217 10.096
125.971 2.13118 10.096
125.972 2.13008 10.0957
125.971 2.13084 10.0935
125.972 2.12919 10.09
125.971 2.12918 10.0898
125.972 2.12983 10.0858
125.972 2.12797 10.0856
125.972 2.12874 10.0845
125.971 2.12838 10.0844
125.972 2.12683 10.0828
125.972 2.1282 10.0817
125.972 2.12682 10.078
125.971 2.12679 10.0777
125.972 2.12728 10.074
125.972 2.12562 10.0738
125.972 2.12636 10.0728
125.971 2.12603 10.0726
125.972 2.12458 10.0711
125.972 2.12587 10.0701
125.972 2.12456 10.0666
125.971 2.12454 10.0664
125.972 2.12494 10.0629
125.972 2.12342 10.0626
125.972 2.12412 10.0617
125.971 2.12381 10.0615
125.972 2.12244 10.0601
125.972 2.12366 10.0592
125.972 2.12242 10.0559
125.971 2.1224 10.0556
125.972 2.12278 10.0523
125.972 2.12134 10.0521
125.972 2.122 10.0512
125.971 2.12171 10.0511
125.972 2.12042 10.0498
125.972 2.12158 10.0489
125.972 2.1204 10.0457
125.971 2.12038 10.0455
125.972 2.12073 10.0424
125.972 2.11938 10.0422
125.972 2.12 10.0413
125.971 2.11973 10.0412
125.972 2.11851 10.04
125.972 2.1196 10.0391
125.972 2.11849 10.0361
125.971 2.11847 10.036
125.972 2.1188 10.033
125.972 2.11752 10.0328
125.972 2.11811 10.032
125.971 2.11785 10.0319
125.972 2.1167 10.0307
125.972 2.11774 10.0299
125.972 2.11669 10.0271
125.971 2.11667 10.0269
125.972 2.11697 10.0242
125.972 2.11577 10.0239
125.972 2.11633 10.0232
125.971 2.11608 10.0231
125.972 2.115 10.022
125.972 2.11598 10.0212
125.972 2.11498 10.0186
125.971 2.11496 10.0184
125.972 2.11525 10.0158
125.972 2.11412 10.0156
125.972 2.11464 10.0149
125.971 2.11441 10.0148
125.972 2.11339 10.0137
125.972 2.11432 10.013
125.972 2.11338 10.0105
125.971 2.11335 10.0104
125.972 2.11362 10.0079
125.972 2.11255 10.0077
125.972 2.11305 10.0071
125.971 2.11283 10.007
125.972 2.11187 10.006
125.972 2.11274 10.0053
125.972 2.11185 10.0029
125.971 2.11184 10.0028
125.972 2.11209 10.0005
125.972 2.11108 10.0003
125.972 2.11155 9.99966
125.971 2.11134 9.99956
125.972 2.11044 9.99862
125.972 2.11126 9.99798
125.972 2.11042 9.99577
125.971 2.1104 9.99563
125.972 2.11063 9.99342
125.972 2.10968 9.99325
125.972 2.11013 9.99268
125.971 2.10994 9.99258
125.972 2.10908 9.9917
125.972 2.10986 9.99109
125.972 2.10906 9.989
125.971 2.10905 9.98887
125.972 2.10927 9.98679
125.972 2.10837 9.98663
125.972 2.10879 9.98609
125.972 2.10861 9.98599
125.972 2.1078 9.98516
125.972 2.10853 9.98459
125.972 2.10778 9.98262
125.971 2.10777 9.9825
125.972 2.10797 9.98053
125.972 2.10713 9.98038
125.972 2.10752 9.97987
125.972 2.10735 9.97978
125.972 2.10659 9.979
125.972 2.10729 9.97845
125.972 2.10658 9.9766
125.972 2.10656 9.97648
125.972 2.10675 9.97463
125.972 2.10595 9.97448
125.972 2.10633 9.974
125.972 2.10617 9.97392
125.972 2.10545 9.97318
125.972 2.1061 9.97267
125.972 2.10543 9.97091
125.972 2.10542 9.9708
125.972 2.1056 9.96906
125.972 2.10485 9.96891
125.972 2.1052 9.96846
125.972 2.10505 9.96838
125.972 2.10437 9.96769
125.972 2.10499 9.9672
125.972 2.10436 9.96555
125.972 2.10434 9.96545
125.972 2.10451 9.9638
125.972 2.1038 9.96366
125.972 2.10414 9.96324
125.972 2.10399 9.96316
125.972 2.10335 9.96251
125.972 2.10394 9.96205
125.972 2.10334 9.96049
125.972 2.10333 9.96039
125.972 2.10349 9.95884
125.972 2.10282 9.95871
125.972 2.10313 9.95831
125.972 2.103 9.95824
125.972 2.10239 9.95762
125.972 2.10295 9.95719
125.972 2.10238 9.95572
125.972 2.10237 9.95562
125.972 2.10252 9.95416
125.972 2.10189 9.95404
125.972 2.10218 9.95366
125.972 2.10206 9.95359
125.972 2.10149 9.95301
125.972 2.10201 9.9526
125.972 2.10147 9.95121
125.972 2.10146 9.95112
125.972 2.1016 9.94974
125.972 2.10101 9.94963
125.972 2.10129 9.94927
125.972 2.10117 9.94921
125.972 2.10063 9.94865
125.972 2.10112 9.94827
125.972 2.10062 9.94696
125.972 2.10061 9.94688
125.972 2.10074 9.94557
125.972 2.10018 9.94547
125.972 2.10044 9.94513
125.972 2.10033 9.94507
125.972 2.09982 9.94455
125.972 2.10029 9.94419
125.972 2.09981 9.94295
125.972 2.0998 9.94287
125.972 2.09993 9.94164
125.972 2.09939 9.94154
125.972 2.09964 9.94122
125.972 2.09954 9.94117
125.972 2.09906 9.94067
125.972 2.0995 9.94033
125.972 2.09905 9.93917
125.972 2.09904 9.9391
125.972 2.09916 9.93793
125.972 2.09866 9.93784
125.972 2.09889 9.93754
125.972 2.09879 9.93748
125.972 2.09834 9.93702
125.972 2.09876 9.9367
125.972 2.09833 9.9356
125.972 2.09832 9.93553
125.972 2.09843 9.93443
125.972 2.09796 9.93434
125.972 2.09818 9.93406
125.972 2.09809 9.93401
125.972 2.09766 9.93357
125.972 2.09805 9.93327
125.972 2.09765 9.93223
125.972 2.09764 9.93217
125.972 2.09775 9.93113
125.972 2.0973 9.93105
125.972 2.09751 9.93078
125.972 2.09742 9.93073
125.972 2.09702 9.93032
125.972 2.09739 9.93003
125.972 2.09701 9.92906
125.972 2.097 9.92899
125.972 2.0971 9.92802
125.972 2.09668 9.92794
125.972 2.09688 9.92769
125.972 2.09679 9.92764
125.972 2.09642 9.92725
125.972 2.09677 9.92698
125.972 2.09641 9.92606
125.972 2.0964 9.926
125.972 2.09649 9.92508
125.972 2.09609 9.925
125.972 2.09628 9.92477
125.972 2.0962 9.92472
125.972 2.09585 9.92436
125.972 2.09618 9.9241
125.972 2.09584 9.92323
125.972 2.09583 9.92318
125.972 2.09592 9.92231
125.972 2.09554 9.92224
125.972 2.09572 9.92201
125.972 2.09564 9.92197
125.972 2.09531 9.92163
125.972 2.09562 9.92138
125.972 2.0953 9.92056
125.972 2.09529 9.92051
125.972 2.09537 9.91969
125.972 2.09502 9.91963
125.972 2.09519 9.91941
125.972 2.09512 9.91938
125.972 2.0948 9.91905
125.972 2.09509 9.91882
125.972 2.09479 9.91805
125.972 2.09478 9.918
125.972 2.09486 9.91723
125.972 2.09453 9.91716
125.972 2.09468 9.91696
125.972 2.09462 9.91693
125.972 2.09432 9.91662
125.972 2.0946 9.9164
125.972 2.09431 9.91567
125.972 2.09431 9.91563
125.972 2.09438 9.9149
125.972 2.09406 9.91484
125.972 2.09421 9.91465
125.972 2.09415 9.91462
125.972 2.09387 9.91433
125.972 2.09413 9.91412
125.972 2.09386 9.91344
125.972 2.09385 9.91339
125.972 2.09392 9.9127
125.972 2.09363 9.91265
125.972 2.09376 9.91247
125.972 2.09371 9.91244
125.972 2.09344 9.91216
125.972 2.09369 9.91197
125.972 2.09343 9.91132
125.972 2.09343 9.91128
125.972 2.09349 9.91063
125.972 2.09321 9.91058
125.972 2.09334 9.91041
125.972 2.09329 9.91038
125.972 2.09304 9.91012
125.972 2.09327 9.90994
125.972 2.09303 9.90933
125.972 2.09303 9.90929
125.972 2.09309 9.90868
125.972 2.09282 9.90863
125.972 2.09295 9.90847
125.972 2.09289 9.90844
125.972 2.09266 9.9082
125.972 2.09288 9.90803
125.972 2.09265 9.90745
125.972 2.09265 9.90742
125.972 2.0927 9.90684
125.972 2.09245 9.90679
125.972 2.09257 9.90664
125.972 2.09252 9.90662
125.972 2.0923 9.90638
125.972 2.09251 9.90622
125.972 2.09229 9.90568
125.972 2.09229 9.90564
125.972 2.09234 9.9051
125.972 2.09211 9.90506
125.972 2.09222 9.90491
125.972 2.09217 9.90489
125.972 2.09196 9.90467
125.972 2.09216 9.90452
125.972 2.09196 9.90401
125.972 2.09195 9.90397
125.972 2.092 9.90346
125.972 2.09178 9.90342
125.972 2.09188 9.90329
125.972 2.09184 9.90326
125.972 2.09164 9.90306
125.972 2.09183 9.90291
125.972 2.09164 9.90243
125.972 2.09163 9.9024
125.972 2.09168 9.90191
125.972 2.09147 9.90187
125.972 2.09157 9.90175
125.972 2.09153 9.90173
125.972 2.09134 9.90153
125.972 2.09152 9.9014
125.972 2.09134 9.90094
125.972 2.09133 9.90091
125.972 2.09138 9.90046
125.972 2.09118 9.90042
125.972 2.09127 9.9003
125.972 2.09123 9.90028
125.972 2.09106 9.9001
125.972 2.09122 9.89997
125.972 2.09105 9.89954
125.972 2.09105 9.89951
125.972 2.09109 9.89908
125.972 2.0909 9.89904
125.972 2.09099 9.89893
125.972 2.09095 9.89891
125.972 2.09079 9.89874
125.972 2.09094 9.89862
125.972 2.09078 9.89821
125.972 2.09078 9.89819
125.972 2.09082 9.89778
125.972 2.09064 9.89775
125.972 2.09073 9.89764
125.972 2.09069 9.89762
125.972 2.09054 9.89746
125.972 2.09068 9.89735
125.972 2.09053 9.89696
125.972 2.09053 9.89694
125.972 2.09056 9.89656
125.972 2.0904 9.89652
125.972 2.09048 9.89643
125.972 2.09045 9.89641
125.972 2.0903 9.89625
125.972 2.09044 9.89615
125.972 2.09029 9.89579
125.972 2.09029 9.89576
125.972 2.09033 9.8954
125.972 2.09017 9.89537
125.972 2.09024 9.89528
125.972 2.09021 9.89526
125.972 2.09007 9.89512
125.972 2.0902 9.89502
125.972 2.09007 9.89468
125.972 2.09007 9.89466
125.972 2.0901 9.89431
125.972 2.08996 9.89429
125.972 2.08993 9.89387
125.972 2.0895 9.89175
125.972 2.08633 9.87621
125.972 2.08633 9.87623
125.972 2.08633 9.87621
