# Rosenbrock optimization failure log
# Init_X      Init_Y      Final_X     Final_Y     Solver_Type
-2.000000e+00 -3.939394e-01 6.620228e+83 7.614041e+05 Standard
-2.000000e+00 1.303030e+00 8.780925e+221 1.480989e+05 Standard
-2.000000e+00 1.343434e+00 1.872725e+78 2.957445e+05 Standard
-1.959596e+00 -5.151515e-01 2.896932e+168 7.111575e+03 Standard
-1.959596e+00 -4.747475e-01 -2.781335e+109 6.021211e+07 Standard
-1.959596e+00 -1.919192e-01 3.575792e+168 7.146469e+03 Standard
-1.959596e+00 1.181818e+00 1.557434e+171 8.306980e+03 Standard
-1.919192e+00 -9.191919e-01 -7.067509e+106 3.832033e+07 Symmetrized
-1.919192e+00 -5.959596e-01 -3.100495e+210 7.722440e+04 Standard
-1.919192e+00 1.060606e+00 -3.046791e+214 9.691220e+04 Standard
-1.919192e+00 1.262626e+00 1.720277e+196 3.436646e+04 Standard
-1.838384e+00 -7.979798e-01 5.915884e+142 2.105492e+10 Standard
-1.838384e+00 -7.575758e-01 -2.716363e+117 2.183236e+08 Standard
-1.838384e+00 7.777778e-01 3.881081e+178 1.262461e+04 Standard
-1.797980e+00 -8.787879e-01 4.666345e+132 2.890349e+09 Standard
-1.797980e+00 -8.383838e-01 2.360127e+88 1.654531e+06 Standard
-1.797980e+00 6.565657e-01 1.176957e+134 4.253554e+09 Standard
-1.757576e+00 -9.191919e-01 4.206461e+116 2.074169e+08 Standard
-1.757576e+00 5.353535e-01 3.938405e+96 6.763229e+06 Standard
-1.717172e+00 -1.000000e+00 -3.075642e+94 4.697096e+06 Standard
-1.717172e+00 4.141414e-01 2.761363e+108 5.039346e+07 Standard
-1.676768e+00 2.929293e-01 2.658620e+140 1.199445e+10 Standard
-1.676768e+00 1.101010e+00 6.775421e+108 5.321868e+07 Standard
-1.636364e+00 8.585859e-01 -5.759762e+78 3.213434e+05 Standard
-1.595960e+00 9.090909e-02 -3.897376e+131 1.839943e+09 Standard
-1.595960e+00 7.777778e-01 -8.742848e+102 1.985352e+07 Standard
-1.555556e+00 -3.030303e-02 1.690734e+103 2.086664e+07 Standard
-1.555556e+00 7.373737e-01 -3.034897e+205 5.810541e+04 Standard
-1.515152e+00 -5.151515e-01 -1.173963e+173 9.226108e+03 Standard
-1.474747e+00 -6.363636e-01 -1.111588e+109 5.496638e+07 Standard
-1.474747e+00 -5.959596e-01 -1.105038e+96 6.135406e+06 Standard
-1.474747e+00 -3.939394e-01 -6.018536e+80 4.536317e+05 Standard
-1.434343e+00 -7.979798e-01 1.620510e+126 1.035453e+09 Standard
-1.434343e+00 -7.575758e-01 2.512611e+80 4.247157e+05 Standard
-1.434343e+00 -7.171717e-01 6.734639e+216 1.106958e+05 Standard
-1.434343e+00 -6.767677e-01 -1.969806e+111 8.196698e+07 Standard
-1.434343e+00 -3.131313e-01 -1.003389e+106 3.326894e+07 Standard
-1.434343e+00 9.797980e-01 5.734013e+206 6.246004e+04 Standard
-1.434343e+00 1.101010e+00 3.060241e+162 5.080753e+03 Standard
-1.393939e+00 -8.787879e-01 -1.362415e+83 6.769230e+05 Standard
-1.393939e+00 -8.383838e-01 -2.091627e+105 2.974936e+07 Standard
-1.393939e+00 -7.979798e-01 -7.815719e+85 1.083412e+06 Standard
-1.393939e+00 -7.575758e-01 -6.972181e+96 7.011169e+06 Standard
-1.393939e+00 -3.939394e-01 3.521590e+85 1.021525e+06 Standard
-1.393939e+00 5.353535e-01 1.679280e+207 6.414999e+04 Standard
-1.353535e+00 -9.191919e-01 5.608963e+105 3.210453e+07 Standard
-1.353535e+00 -8.787879e-01 -1.285920e+203 5.076749e+04 Standard
-1.353535e+00 -8.383838e-01 2.048448e+88 1.638676e+06 Standard
-1.353535e+00 -4.747475e-01 1.628344e+77 2.467129e+05 Standard
-1.313131e+00 -9.595960e-01 4.092951e+87 1.454613e+06 Standard
-1.313131e+00 -8.787879e-01 3.295030e+219 1.290098e+05 Standard
-1.313131e+00 -7.575758e-01 -1.123215e+114 1.290594e+08 Symmetrized
-1.313131e+00 -5.555556e-01 1.064978e+191 2.555650e+04 Standard
-1.313131e+00 3.333333e-01 3.419475e+105 3.149172e+07 Standard
-1.272727e+00 -1.000000e+00 -1.814627e+179 1.310053e+04 Standard
-1.272727e+00 -9.595960e-01 -1.628905e+176 1.101997e+04 Standard
-1.232323e+00 -1.000000e+00 5.149693e+158 4.087870e+03 Standard
-1.191919e+00 5.050505e-02 -1.708463e+97 7.500106e+06 Standard
-1.151515e+00 -3.030303e-02 3.224304e+94 4.714697e+06 Standard
-9.898990e-01 -5.959596e-01 4.115348e+184 1.775635e+04 Standard
-9.494949e-01 -6.363636e-01 8.319764e+215 1.051736e+05 Standard
-9.494949e-01 -5.959596e-01 -1.927152e+213 9.050724e+04 Standard
-4.646465e-01 6.969697e-01 -8.274660e+119 3.579880e+08 Standard
-4.646465e-01 1.868687e+00 2.088892e+200 4.331640e+04 Standard
-1.818182e-01 6.969697e-01 2.109311e+80 4.197591e+05 Standard
-1.414141e-01 -9.191919e-01 9.613763e+115 1.774854e+08 Standard
-1.414141e-01 -9.191919e-01 2.117424e+110 6.896889e+07 Symmetrized
-1.414141e-01 -8.787879e-01 9.653691e+95 6.061631e+06 Symmetrized
-1.414141e-01 -8.383838e-01 -2.536684e+88 1.663544e+06 Symmetrized
-1.414141e-01 -4.343434e-01 2.070098e+122 5.823944e+08 Standard
-1.414141e-01 1.545455e+00 3.306593e+188 2.216440e+04 Standard
-1.010101e-01 -8.787879e-01 1.132686e+176 1.093066e+04 Standard
-1.010101e-01 -8.787879e-01 -2.912578e+99 1.095653e+07 Symmetrized
-1.010101e-01 -8.383838e-01 1.248682e+143 3.104300e+10 Standard
-1.010101e-01 -8.383838e-01 -1.865913e+77 2.491297e+05 Symmetrized
-1.010101e-01 4.949495e-01 -1.240554e+90 2.218230e+06 Standard
-1.010101e-01 1.666667e+00 -1.683045e+217 1.132305e+05 Standard
-1.010101e-01 1.828283e+00 -3.331259e+190 2.483191e+04 Standard
-1.010101e-01 1.868687e+00 1.920063e+117 2.386312e+08 Standard
-1.010101e-01 2.353535e+00 1.380918e+208 6.756301e+04 Standard
-6.060606e-02 1.060606e+00 -5.998967e+172 9.082953e+03 Standard
-6.060606e-02 1.989899e+00 -3.152419e+100 1.307997e+07 Standard
-6.060606e-02 2.313131e+00 -2.419103e+160 4.510007e+03 Standard
-2.020202e-02 2.111111e+00 -1.421451e+159 4.178273e+03 Standard
2.020202e-02 2.515152e+00 1.384725e+88 1.592700e+06 Standard
2.020202e-02 2.555556e+00 1.414974e+78 2.895175e+05 Standard
2.020202e-02 2.595960e+00 -7.518024e+209 7.456658e+04 Standard
2.020202e-02 2.636364e+00 -1.439611e+192 2.725419e+04 Standard
2.020202e-02 2.676768e+00 -1.273321e+181 1.455277e+04 Standard
2.020202e-02 2.717172e+00 -2.430395e+177 1.178406e+04 Standard
2.020202e-02 2.757576e+00 -2.295266e+181 1.476556e+04 Standard
2.020202e-02 2.797980e+00 -6.543302e+192 2.829403e+04 Standard
2.020202e-02 2.838384e+00 -1.265977e+211 7.996519e+04 Standard
2.020202e-02 2.878788e+00 5.587212e+78 3.204936e+05 Standard
2.020202e-02 2.919192e+00 6.452594e+88 1.781685e+06 Standard
2.020202e-02 2.959596e+00 6.701621e+100 1.376172e+07 Standard
2.020202e-02 3.000000e+00 1.058918e+115 1.480410e+08 Standard
6.060606e-02 8.585859e-01 -1.549326e+101 1.472608e+07 Standard
6.060606e-02 8.989899e-01 -5.285221e+111 8.999158e+07 Standard
6.060606e-02 1.787879e+00 6.343176e+103 2.310022e+07 Standard
6.060606e-02 1.989899e+00 -1.215823e+80 4.025819e+05 Standard
6.060606e-02 2.070707e+00 -9.647973e+79 3.956686e+05 Standard
1.010101e-01 1.868687e+00 1.593282e+80 4.111827e+05 Standard
1.010101e-01 2.353535e+00 1.343993e+182 1.541695e+04 Standard
1.010101e-01 2.717172e+00 1.147937e+77 2.403594e+05 Standard
1.414141e-01 -5.959596e-01 -2.943017e+211 8.149842e+04 Symmetrized
1.818182e-01 -6.363636e-01 2.888834e+108 5.158464e+07 Standard
5.050505e-01 -7.979798e-01 -1.189881e+112 9.222428e+07 Standard
8.282828e-01 4.949495e-01 -2.220308e+119 3.266579e+08 Symmetrized
9.898990e-01 -5.959596e-01 -6.148171e+97 8.256014e+06 Standard
1.151515e+00 -9.191919e-01 -5.353782e+186 2.003139e+04 Symmetrized
1.191919e+00 5.050505e-02 2.720962e+78 3.039676e+05 Standard
1.232323e+00 -1.000000e+00 -5.915612e+222 1.553428e+05 Standard
1.232323e+00 5.757576e-01 5.158802e+224 1.732875e+05 Symmetrized
1.272727e+00 -1.000000e+00 3.401779e+171 8.451045e+03 Standard
1.272727e+00 -9.595960e-01 1.362413e+104 2.420815e+07 Standard
1.272727e+00 -9.191919e-01 2.577131e+195 3.277791e+04 Standard
1.313131e+00 -9.595960e-01 -1.549217e+86 1.140929e+06 Standard
1.313131e+00 3.333333e-01 -2.060740e+103 2.118479e+07 Standard
1.353535e+00 -9.191919e-01 -7.442185e+104 2.737372e+07 Standard
1.353535e+00 -8.787879e-01 3.328639e+196 3.492049e+04 Standard
1.353535e+00 -8.383838e-01 -9.569990e+87 1.549543e+06 Standard
1.353535e+00 -7.979798e-01 3.059100e+89 2.000149e+06 Standard
1.353535e+00 -4.747475e-01 -2.969840e+141 1.706008e+10 Standard
1.393939e+00 -8.787879e-01 4.403950e+94 4.838523e+06 Standard
1.393939e+00 -8.383838e-01 -3.913377e+153 3.065181e+03 Standard
1.393939e+00 -3.939394e-01 1.043464e+155 3.318842e+03 Standard
1.393939e+00 5.353535e-01 -1.745039e+88 1.617923e+06 Standard
1.434343e+00 -7.979798e-01 -4.138538e+125 9.629087e+08 Standard
1.434343e+00 -7.171717e-01 3.075399e+102 1.819633e+07 Standard
1.434343e+00 -6.767677e-01 4.400466e+110 7.450767e+07 Standard
1.434343e+00 -3.131313e-01 1.275506e+119 3.150033e+08 Standard
1.474747e+00 -6.363636e-01 1.149803e+120 3.446510e+08 Standard
1.474747e+00 -5.959596e-01 5.569053e+92 3.498220e+06 Standard
1.515152e+00 -5.151515e-01 2.561760e+170 7.934444e+03 Standard
1.555556e+00 -3.030303e-02 3.308976e+222 1.530082e+05 Standard
1.595960e+00 -8.383838e-01 5.787423e+77 2.709870e+05 Standard
1.595960e+00 -6.767677e-01 -8.293270e+221 1.478855e+05 Standard
1.595960e+00 9.090909e-02 1.602359e+130 2.322773e+09 Standard
1.595960e+00 7.777778e-01 7.407084e+105 3.311666e+07 Standard
1.636364e+00 -7.979798e-01 1.398687e+159 4.190852e+03 Standard
1.636364e+00 -6.767677e-01 -8.737973e+89 2.165154e+06 Symmetrized
1.636364e+00 2.030303e+00 -5.839938e+90 2.473336e+06 Symmetrized
1.676768e+00 -7.575758e-01 7.742062e+98 9.918695e+06 Standard
1.676768e+00 2.929293e-01 -9.324956e+119 3.605165e+08 Standard
1.676768e+00 1.101010e+00 -1.165039e+79 3.385499e+05 Standard
1.717172e+00 -1.000000e+00 2.562753e+124 7.434160e+08 Standard
1.717172e+00 4.141414e-01 9.118449e+108 5.636689e+07 Standard
1.757576e+00 -9.191919e-01 -2.587775e+110 6.940197e+07 Standard
1.757576e+00 -6.363636e-01 4.798130e+115 1.771618e+08 Standard
1.757576e+00 5.353535e-01 -1.628120e+165 5.915520e+03 Standard
1.797980e+00 -8.787879e-01 -1.410809e+130 1.993601e+09 Standard
1.797980e+00 -8.383838e-01 1.775214e+108 4.925109e+07 Standard
1.797980e+00 -5.555556e-01 -1.655988e+128 1.297284e+09 Standard
1.797980e+00 6.565657e-01 -4.935153e+92 3.453219e+06 Standard
1.797980e+00 1.505051e+00 1.612845e+137 1.084145e+10 Standard
1.838384e+00 -7.979798e-01 -7.155106e+139 1.858829e+10 Standard
1.838384e+00 -7.575758e-01 4.348186e+133 4.385126e+09 Standard
1.838384e+00 -4.747475e-01 -3.006318e+120 4.063997e+08 Standard
1.838384e+00 7.777778e-01 -2.979637e+164 5.677789e+03 Standard
1.838384e+00 9.797980e-01 -5.222782e+158 4.100604e+03 Standard
1.878788e+00 -6.767677e-01 1.491452e+104 2.448719e+07 Standard
1.878788e+00 -3.939394e-01 4.641632e+173 9.547118e+03 Standard
1.878788e+00 8.989899e-01 -6.862034e+200 4.462968e+04 Standard
1.878788e+00 2.191919e+00 -9.420792e+169 7.752491e+03 Standard
1.919192e+00 -5.959596e-01 -1.440315e+126 1.029567e+09 Standard
1.919192e+00 1.060606e+00 5.409748e+129 2.013146e+09 Standard
1.959596e+00 -8.383838e-01 5.092512e+97 8.165116e+06 Standard
1.959596e+00 -5.151515e-01 -1.878104e+164 5.611534e+03 Standard
1.959596e+00 -4.747475e-01 3.865063e+127 1.329577e+09 Standard
1.959596e+00 -1.919192e-01 -1.454319e+100 1.243404e+07 Standard
1.959596e+00 1.181818e+00 -1.033834e+147 3.303799e+10 Standard
2.000000e+00 -3.939394e-01 3.990446e+108 5.276407e+07 Standard
2.000000e+00 1.303030e+00 -5.333202e+222 1.547961e+05 Standard
2.000000e+00 1.343434e+00 -5.352882e+85 1.054488e+06 Standard
