0 147.535 147.535 137.45 137.45
0.1 145.143 144.935 135.222 135.028
0.2 142.79 142.382 133.029 132.649
0.3 140.475 139.873 130.872 130.312
0.4 138.197 137.408 128.75 128.015
0.5 135.956 134.987 126.663 125.76
0.6 133.752 132.608 124.609 123.544
0.7 131.583 130.271 122.589 121.367
0.8 129.45 127.976 120.601 119.228
0.9 127.351 125.721 118.646 117.127
1 125.286 123.506 116.722 115.063
1.1 123.255 121.329 114.83 113.036
1.2 121.256 119.191 112.968 111.044
1.3 119.29 117.091 111.136 109.087
1.4 117.356 115.028 109.334 107.165
1.5 115.453 113.001 107.561 105.277
1.6 113.581 111.01 105.817 103.422
1.7 111.74 109.054 104.102 101.599
1.8 109.928 107.132 102.414 99.8089
1.9 108.146 105.244 100.753 98.0502
2 106.392 103.39 99.1197 96.3225
2.1 104.667 101.568 97.5126 94.6252
2.2 102.97 99.7782 95.9315 92.9578
2.3 101.301 98.02 94.3761 91.3198
2.4 99.6581 96.2928 92.8459 89.7106
2.5 98.0422 94.596 91.3405 88.1298
2.6 96.4526 92.9291 89.8595 86.5769
2.7 94.8887 91.2916 88.4026 85.0513
2.8 93.3502 89.683 86.9692 83.5527
2.9 91.8366 88.1027 85.5591 82.0804
3 90.3476 86.5502 84.1719 80.634
3.1 88.8827 85.0251 82.8071 79.2132
3.2 87.4416 83.5269 81.4645 77.8174
3.3 86.0238 82.0551 80.1436 76.4462
3.4 84.629 80.6092 78.8442 75.0991
3.5 83.2569 79.1888 77.5658 73.7758
3.6 81.907 77.7934 76.3082 72.4758
3.7 80.5789 76.4226 75.0709 71.1987
3.8 79.2724 75.0759 73.8537 69.9441
3.9 77.9871 73.753 72.6563 68.7116
4 76.7227 72.4534 71.4783 67.5009
4.1 75.4787 71.1767 70.3193 66.3114
4.2 74.2549 69.9225 69.1792 65.143
4.3 73.0509 68.6904 68.0575 63.9951
4.4 71.8665 67.48 66.954 62.8674
4.5 70.7013 66.291 65.8684 61.7596
4.6 69.5549 65.1229 64.8005 60.6714
4.7 68.4272 63.9753 63.7498 59.6023
4.8 67.3177 62.848 62.7162 58.552
4.9 66.2262 61.7406 61.6993 57.5203
5 65.1524 60.6527 60.6989 56.5067
5.1 64.0961 59.5839 59.7147 55.511
5.2 63.0568 58.534 58.7465 54.5329
5.3 62.0344 57.5025 57.794 53.5719
5.4 61.0286 56.4893 56.857 52.6279
5.5 60.0391 55.4939 55.9351 51.7006
5.6 59.0656 54.516 55.0282 50.7896
5.7 58.1079 53.5554 54.136 49.8946
5.8 57.1658 52.6117 53.2582 49.0154
5.9 56.2389 51.6846 52.3947 48.1517
6 55.3271 50.7739 51.5452 47.3032
6.1 54.43 49.8792 50.7094 46.4697
6.2 53.5475 49.0003 49.8872 45.6509
6.3 52.6793 48.1369 49.0784 44.8465
6.4 51.8251 47.2887 48.2826 44.0562
6.5 50.9848 46.4554 47.4998 43.2799
6.6 50.1582 45.6368 46.7296 42.5173
6.7 49.3449 44.8326 45.9719 41.7681
6.8 48.5449 44.0426 45.2266 41.0321
6.9 47.7578 43.2666 44.4933 40.3091
7 46.9834 42.5042 43.7719 39.5988
7.1 46.2216 41.7552 43.0621 38.901
7.2 45.4722 41.0194 42.3639 38.2155
7.3 44.7349 40.2966 41.6771 37.5421
7.4 44.0096 39.5866 41.0013 36.8806
7.5 43.296 38.889 40.3365 36.2307
7.6 42.594 38.2038 39.6825 35.5923
7.7 41.9034 37.5306 39.0391 34.9651
7.8 41.224 36.8692 38.4061 34.349
7.9 40.5556 36.2196 37.7834 33.7438
8 39.898 35.5813 37.1708 33.1492
8.1 39.2511 34.9544 36.5681 32.565
8.2 38.6147 34.3384 35.9752 31.9912
8.3 37.9886 33.7334 35.3919 31.4275
8.4 37.3727 33.1389 34.8181 30.8737
8.5 36.7667 32.555 34.2535 30.3297
8.6 36.1706 31.9814 33.6982 29.7953
8.7 35.5841 31.4178 33.1518 29.2702
8.8 35.0072 30.8642 32.6143 28.7545
8.9 34.4396 30.3203 32.0855 28.2478
9 33.8812 29.7861 31.5652 27.75
9.1 33.3318 29.2612 31.0534 27.261
9.2 32.7914 28.7456 30.5499 26.7807
9.3 32.2597 28.2391 30.0546 26.3088
9.4 31.7367 27.7415 29.5673 25.8452
9.5 31.2221 27.2526 29.0879 25.3898
9.6 30.7159 26.7724 28.6163 24.9424
9.7 30.2178 26.3007 28.1523 24.5029
9.8 29.7279 25.8372 27.6958 24.0711
9.9 29.2459 25.3819 27.2468 23.647
10 28.7717 24.9347 26.805 23.2303
10.1 28.3052 24.4953 26.3704 22.8209
10.2 27.8463 24.0637 25.9428 22.4188
10.3 27.3948 23.6397 25.5222 22.0238
10.4 26.9506 23.2231 25.1084 21.6357
10.5 26.5136 22.8139 24.7013 21.2544
10.6 26.0837 22.4119 24.3008 20.8799
10.7 25.6608 22.017 23.9068 20.512
10.8 25.2448 21.629 23.5191 20.1506
10.9 24.8354 21.2479 23.1378 19.7955
11 24.4328 20.8735 22.7627 19.4467
11.1 24.0366 20.5057 22.3936 19.104
11.2 23.6469 20.1443 22.0305 18.7674
11.3 23.2635 19.7894 21.6733 18.4367
11.4 22.8863 19.4407 21.3219 18.1118
11.5 22.5152 19.0981 20.9762 17.7926
11.6 22.1502 18.7616 20.6361 17.4791
11.7 21.791 18.431 20.3015 17.1711
11.8 21.4377 18.1062 19.9723 16.8686
11.9 21.0901 17.7872 19.6485 16.5713
12 20.7482 17.4737 19.3299 16.2793
12.1 20.4118 17.1658 19.0165 15.9925
12.2 20.0808 16.8633 18.7082 15.7106
12.3 19.7552 16.5662 18.4048 15.4338
12.4 19.4349 16.2743 18.1064 15.1619
12.5 19.1198 15.9875 17.8128 14.8947
12.6 18.8098 15.7058 17.524 14.6322
12.7 18.5048 15.4291 17.2399 14.3744
12.8 18.2048 15.1572 16.9604 14.1211
12.9 17.9096 14.8901 16.6854 13.8723
13 17.6192 14.6277 16.4148 13.6278
13.1 17.3335 14.37 16.1487 13.3877
13.2 17.0525 14.1167 15.8869 13.1518
13.3 16.776 13.868 15.6293 12.92
13.4 16.504 13.6236 15.3759 12.6924
13.5 16.2364 13.3836 15.1266 12.4687
13.6 15.9732 13.1477 14.8813 12.249
13.7 15.7142 12.9161 14.64 12.0332
13.8 15.4594 12.6885 14.4027 11.8211
13.9 15.2087 12.4649 14.1691 11.6128
14 14.9621 12.2452 13.9394 11.4082
14.1 14.7195 12.0295 13.7134 11.2072
14.2 14.4809 11.8175 13.491 11.0097
14.3 14.2461 11.6093 13.2723 10.8157
14.4 14.0151 11.4047 13.0571 10.6251
14.5 13.7879 11.2037 12.8454 10.4379
14.6 13.5643 11.0063 12.6371 10.254
14.7 13.3444 10.8124 12.4322 10.0733
14.8 13.128 10.6218 12.2306 9.89579
14.9 12.9152 10.4347 12.0323 9.72141
15 12.7058 10.2508 11.8373 9.55011
