0.2 0.324722 0.327492 0.115537 0.115167 0.0629761 0.0626267
0.4 0.532417 0.536256 0.186011 0.185258 0.101041 0.100408
0.6 0.654716 0.658574 0.221139 0.220012 0.119347 0.118489
0.8 0.715651 0.718926 0.228987 0.227514 0.122269 0.121242
1 0.733367 0.735759 0.216221 0.214441 0.113508 0.11236
1.2 0.721461 0.722866 0.188314 0.186273 0.0961693 0.0949463
1.4 0.690033 0.690471 0.149731 0.147478 0.0728465 0.0715876
1.6 0.646504 0.646069 0.104086 0.101672 0.0456845 0.0444241
1.8 0.596258 0.595076 0.0542748 0.0517479 0.0164411 0.0152091
2 0.543127 0.541341 0.00259268 0 -0.01346 -0.0146381
2.2 0.489783 0.487534 -0.0491673 -0.0517826 -0.0428825 -0.0439853
2.4 0.438029 0.435446 -0.0996299 -0.102229 -0.070936 -0.0719459
2.6 0.389023 0.386223 -0.147765 -0.150313 -0.0969399 -0.0978428
2.8 0.343455 0.340536 -0.192828 -0.195295 -0.120391 -0.121176
3 0.301677 0.298722 -0.234305 -0.236665 -0.140938 -0.141597
3.2 0.263804 0.260878 -0.271871 -0.274104 -0.158351 -0.158879
3.4 0.229784 0.226938 -0.305352 -0.307441 -0.172509 -0.172903
3.6 0.199459 0.196731 -0.334694 -0.336626 -0.183373 -0.183633
3.8 0.172602 0.170018 -0.359937 -0.361703 -0.190977 -0.191102
4 0.148947 0.146525 -0.381193 -0.382786 -0.195408 -0.195402
4.2 0.128213 0.125963 -0.398628 -0.400045 -0.196798 -0.196664
4.4 0.110114 0.108041 -0.412446 -0.413686 -0.195314 -0.195057
4.6 0.0943755 0.0924769 -0.422879 -0.423944 -0.191145 -0.190772
4.8 0.0807333 0.0790056 -0.430176 -0.43107 -0.1845 -0.184017
5 0.0689432 0.0673795 -0.434595 -0.435321 -0.1756 -0.175014
5.2 0.0587807 0.0573723 -0.436395 -0.436961 -0.16467 -0.163989
5.4 0.050042 0.0487791 -0.435835 -0.436247 -0.151937 -0.15117
5.6 0.0425441 0.0414161 -0.433165 -0.433432 -0.137628 -0.136782
5.8 0.0361234 0.0351196 -0.428628 -0.428758 -0.121964 -0.121048
6 0.0306353 0.029745 -0.422454 -0.422457 -0.105159 -0.104181
6.2 0.0259521 0.0251649 -0.414862 -0.414747 -0.0874183 -0.0863876
6.4 0.021962 0.0212679 -0.406055 -0.405831 -0.0689381 -0.0678624
6.6 0.0185671 0.0179569 -0.396223 -0.3959 -0.0499022 -0.0487895
6.8 0.0156827 0.0151473 -0.385541 -0.385127 -0.0304829 -0.029341
7 0.0132349 0.0127663 -0.374168 -0.373674 -0.0108404 -0.00967673
7.2 0.01116 0.0107508 -0.362252 -0.361685 0.00887793 0.0100562
7.4 0.00940314 0.00904654 -0.349924 -0.349294 0.028537 0.0297231
7.6 0.00791707 0.00760686 -0.337304 -0.336618 0.0480143 0.0492018
7.8 0.00666125 0.00639187 -0.324498 -0.323764 0.0671992 0.0683823
8 0.00560094 0.0053674 -0.3116 -0.310827 0.0859933 0.0871663
8.2 0.00470646 0.00450432 -0.298695 -0.297888 0.104309 0.105467
8.4 0.00395248 0.00377777 -0.285855 -0.285021 0.122071 0.123208
8.6 0.00331741 0.00316662 -0.273144 -0.27229 0.139211 0.140324
8.8 0.00278287 0.0026529 -0.260617 -0.259747 0.155675 0.15676
9 0.00233326 0.00222138 -0.248321 -0.24744 0.171415 0.172467
9.2 0.00195532 0.00185912 -0.236294 -0.235408 0.186391 0.187409
9.4 0.00163783 0.00155521 -0.22457 -0.223682 0.200575 0.201555
9.6 0.00137127 0.00130039 -0.213174 -0.212288 0.213942 0.214882
9.8 0.00114759 0.00108685 -0.202128 -0.201249 0.226476 0.227373
10 0.000959999 0.000907999 -0.191449 -0.190578 0.238166 0.23902
10.2 0.000802751 0.000758275 -0.181148 -0.180288 0.249009 0.249817
10.4 0.000671002 0.000632996 -0.171233 -0.170387 0.259004 0.259765
10.6 0.000560669 0.000528219 -0.161709 -0.160879 0.268156 0.26887
10.8 0.000468311 0.000440629 -0.152577 -0.151765 0.276475 0.277141
11 0.000391033 0.000367437 -0.143837 -0.143044 0.283974 0.284592
11.2 0.000326399 0.000306302 -0.135486 -0.134714 0.290668 0.291237
11.4 0.000272361 0.000255257 -0.127519 -0.126768 0.296576 0.297097
11.6 0.0002272 0.000212653 -0.119929 -0.1192 0.30172 0.302193
11.8 0.000189471 0.000177108 -0.112708 -0.112002 0.306122 0.306547
12 0.000157962 0.000147461 -0.105847 -0.105165 0.309807 0.310186
12.2 0.000131656 0.000122743 -0.0993365 -0.0986776 0.312803 0.313136
12.4 0.000109701 0.000102141 -0.0931654 -0.0925304 0.315136 0.315424
12.6 9.13842e-05 8.49748e-05 -0.0873226 -0.0867114 0.316835 0.31708
12.8 7.61063e-05 7.06758e-05 -0.0817964 -0.081209 0.317929 0.318131
13 6.33671e-05 5.87686e-05 -0.0765749 -0.0760111 0.318448 0.318608
13.2 5.27478e-05 4.88559e-05 -0.071646 -0.0711055 0.31842 0.31854
13.4 4.3898e-05 4.06059e-05 -0.0669976 -0.0664801 0.317876 0.317957
13.6 3.65249e-05 3.37415e-05 -0.0626175 -0.0621226 0.316846 0.31689
13.8 3.03836e-05 2.80314e-05 -0.0584936 -0.0580209 0.315358 0.315366
14 2.52696e-05 2.32828e-05 -0.0546142 -0.054163 0.313442 0.313416
14.2 2.10121e-05 1.93347e-05 -0.0509675 -0.0505373 0.311127 0.311068
14.4 1.74684e-05 1.60528e-05 -0.047542 -0.0471323 0.30844 0.30835
14.6 1.45196e-05 1.33255e-05 -0.0443266 -0.0439368 0.305409 0.305289
14.8 1.20662e-05 1.10594e-05 -0.0413105 -0.04094 0.30206 0.301912
15 1.00256e-05 9.17707e-06 -0.0384832 -0.0381312 0.298419 0.298245
15.2 8.32864e-06 7.61373e-06 -0.0358346 -0.0355005 0.294512 0.294313
15.4 6.91769e-06 6.31562e-06 -0.0333548 -0.0330379 0.290362 0.29014
15.6 5.7448e-06 5.23794e-06 -0.0310344 -0.0307342 0.285993 0.285749
15.8 4.76999e-06 4.34344e-06 -0.0288644 -0.0285802 0.281426 0.281162
16 3.95995e-06 3.60113e-06 -0.0268363 -0.0265673 0.276684 0.276402
16.2 3.28697e-06 2.98521e-06 -0.0249416 -0.0246873 0.271787 0.271488
16.4 2.72793e-06 2.47425e-06 -0.0231726 -0.0229322 0.266755 0.266439
16.6 2.26364e-06 2.05045e-06 -0.0215216 -0.0212947 0.261605 0.261275
16.8 1.8781e-06 1.69899e-06 -0.0199817 -0.0197675 0.256356 0.256013
17 1.55801e-06 1.40758e-06 -0.0185459 -0.0183439 0.251024 0.25067
17.2 1.29229e-06 1.16599e-06 -0.0172078 -0.0170175 0.245626 0.245261
17.4 1.07174e-06 9.65729e-07 -0.0159614 -0.015782 0.240175 0.239801
17.6 8.88715e-07 7.9976e-07 -0.0148008 -0.0146319 0.234687 0.234305
17.8 7.36852e-07 6.62229e-07 -0.0137205 -0.0135616 0.229173 0.228785
18 6.10861e-07 5.48279e-07 -0.0127154 -0.012566 0.223647 0.223253
18.2 5.06351e-07 4.53881e-07 -0.0117807 -0.0116402 0.21812 0.217721
18.4 4.1967e-07 3.7569e-07 -0.0109117 -0.0107797 0.212602 0.2122
18.6 3.47787e-07 3.10932e-07 -0.0101041 -0.00998016 0.207104 0.206699
18.8 2.88183e-07 2.57307e-07 -0.00935382 -0.00923749 0.201634 0.201228
19 2.38767e-07 2.12906e-07 -0.00865706 -0.00854791 0.196202 0.195795
19.2 1.97802e-07 1.76148e-07 -0.00801019 -0.00790784 0.190814 0.190407
19.4 1.63848e-07 1.4572e-07 -0.00740986 -0.00731391 0.185479 0.185072
19.6 1.35708e-07 1.20535e-07 -0.00685288 -0.00676298 0.180202 0.179797
19.8 1.12389e-07 9.96929e-08 -0.00633629 -0.00625208 0.17499 0.174587
20 9.3068e-08 8.24461e-08 -0.0058573 -0.00577847 0.169847 0.169447
20.2 7.70605e-08 6.81762e-08 -0.00541331 -0.00533954 0.164779 0.164383
20.4 6.38e-08 5.63706e-08 -0.00500188 -0.00493287 0.15979 0.159398
20.6 5.28162e-08 4.66048e-08 -0.00462073 -0.00455619 0.154884 0.154497
20.8 4.37193e-08 3.85273e-08 -0.00426773 -0.0042074 0.150063 0.149682
21 3.61858e-08 3.18468e-08 -0.00394088 -0.00388451 0.145332 0.144956
21.2 2.99478e-08 2.63222e-08 -0.00363834 -0.00358567 0.140693 0.140323
21.4 2.4783e-08 2.17541e-08 -0.00335835 -0.00330917 0.136147 0.135784
21.6 2.0507e-08 1.79772e-08 -0.00309931 -0.00305341 0.131696 0.13134
21.8 1.69674e-08 1.48548e-08 -0.00285971 -0.00281687 0.127342 0.126994
22 1.40375e-08 1.22737e-08 -0.00263814 -0.00259817 0.123087 0.122746
22.2 1.16126e-08 1.01402e-08 -0.00243329 -0.00239602 0.11893 0.118597
22.4 9.60574e-09 8.37687e-09 -0.00224395 -0.0022092 0.114873 0.114548
22.6 7.94512e-09 6.91963e-09 -0.00206897 -0.00203659 0.110915 0.1106
22.8 6.57106e-09 5.71545e-09 -0.00190731 -0.00187714 0.107057 0.106751
23 5.43421e-09 4.72046e-09 -0.00175799 -0.00172988 0.103299 0.103002
23.2 4.49371e-09 3.8984e-09 -0.00162008 -0.00159391 0.09964 0.099352
23.4 3.71571e-09 3.21925e-09 -0.00149275 -0.00146838 0.0960798 0.0958014
23.6 3.07216e-09 2.65823e-09 -0.00137521 -0.00135253 0.0926177 0.092349
23.8 2.53989e-09 2.19482e-09 -0.00126672 -0.00124562 0.0892527 0.088994
24 2.09971e-09 1.81206e-09 -0.00116661 -0.00114698 0.085984 0.0857354
24.2 1.73568e-09 1.49596e-09 -0.00107424 -0.00105599 0.0828104 0.0825721
24.4 1.43465e-09 1.23491e-09 -0.000989047 -0.000972076 0.0797307 0.0795028
24.6 1.18576e-09 1.01934e-09 -0.000910472 -0.000894698 0.0767435 0.0765261
24.8 9.79989e-10 8.41354e-10 -0.000838019 -0.00082336 0.0738474 0.0736407
25 8.09872e-10 6.94397e-10 -0.000771222 -0.000757603 0.071041 0.070845
25.2 6.69267e-10 5.73073e-10 -0.00070965 -0.000697 0.0683226 0.0681375
25.4 5.53071e-10 4.72916e-10 -0.000652904 -0.000641157 0.0656906 0.0655165
25.6 4.57013e-10 3.90239e-10 -0.000600614 -0.000589709 0.0631434 0.0629803
25.8 3.77593e-10 3.21997e-10 -0.000552439 -0.000542317 0.0606791 0.0605272
26 3.11948e-10 2.65673e-10 -0.000508061 -0.000498668 0.0582961 0.0581555
26.2 2.5769e-10 2.19188e-10 -0.000467188 -0.000458473 0.0559925 0.0558632
26.4 2.12863e-10 1.80825e-10 -0.000429548 -0.000421465 0.0537665 0.0536487
26.6 1.75846e-10 1.49169e-10 -0.000394892 -0.000387396 0.0516162 0.0515101
26.8 1.45302e-10 1.23047e-10 -0.000362987 -0.000356037 0.0495399 0.0494454
27 1.20069e-10 1.01495e-10 -0.00033362 -0.000327177 0.0475356 0.047453
27.2 9.92216e-11 8.37122e-11 -0.000306592 -0.000300621 0.0456015 0.0455308
27.4 8.19528e-11 6.90417e-11 -0.00028172 -0.000276188 0.0437358 0.043677
27.6 6.76719e-11 5.69392e-11 -0.000258837 -0.000253712 0.0419365 0.0418899
27.8 5.5864e-11 4.69557e-11 -0.000237784 -0.000233038 0.0402018 0.0401675
28 4.61337e-11 3.87206e-11 -0.00021842 -0.000214025 0.0385299 0.0385081
28.2 3.80879e-11 3.19282e-11 -0.00020061 -0.000196541 0.0369189 0.0369098
28.4 3.14845e-11 2.6326e-11 -0.000184232 -0.000180466 0.0353672 0.0353708
28.6 2.60468e-11 2.17057e-11 -0.000169173 -0.000165688 0.0338728 0.0338894
28.8 2.15436e-11 1.78954e-11 -0.000155329 -0.000152104 0.032434 0.0324638
29 1.77794e-11 1.47533e-11 -0.000142602 -0.00013962 0.0310491 0.0310923
29.2 1.46871e-11 1.21623e-11 -0.000130904 -0.000128147 0.0297164 0.0297733
29.4 1.21166e-11 1.00258e-11 -0.000120154 -0.000117605 0.0284343 0.028505
29.6 9.97068e-12 8.26428e-12 -0.000110275 -0.000107919 0.027201 0.0272858
29.8 8.19836e-12 6.81194e-12 -0.000101198 -9.90212e-05 0.0260149 0.0261141
30 6.77479e-12 5.61457e-12 -9.28586e-05 -9.08484e-05 0.0248744 0.0249885
30.2 5.57285e-12 4.62747e-12 -8.51981e-05 -8.33421e-05 0.0237781 0.0239072
30.4 4.59647e-12 3.81374e-12 -7.81617e-05 -7.64488e-05 0.0227244 0.0228689
30.6 3.82223e-12 3.14297e-12 -7.16994e-05 -7.01192e-05 0.0217117 0.021872
30.8 3.18263e-12 2.59007e-12 -6.57648e-05 -6.43077e-05 0.0207386 0.0209151
31 2.58312e-12 2.13434e-12 -6.03154e-05 -5.89726e-05 0.0198038 0.0199969
31.2 2.10885e-12 1.75872e-12 -5.5312e-05 -5.40752e-05 0.0189057 0.019116
31.4 1.70392e-12 1.44915e-12 -5.07185e-05 -4.95802e-05 0.0180432 0.018271
31.6 1.32779e-12 1.19402e-12 -4.65017e-05 -4.54549e-05 0.0172147 0.0174607
31.8 1.01441e-12 9.83768e-13 -4.2631e-05 -4.16693e-05 0.0164191 0.0166838
32 8.6599e-13 8.10507e-13 -3.90784e-05 -3.81957e-05 0.0156551 0.015939
32.2 7.49228e-13 6.67734e-13 -3.58178e-05 -3.50088e-05 0.0149214 0.0152253
32.4 6.17978e-13 5.5009e-13 -3.28256e-05 -3.20851e-05 0.0142169 0.0145414
32.6 5.13839e-13 4.53156e-13 -3.00798e-05 -2.94032e-05 0.0135404 0.0138862
32.8 4.35846e-13 3.73289e-13 -2.75601e-05 -2.69433e-05 0.0128908 0.0132586
33 2.74709e-13 3.07486e-13 -2.52482e-05 -2.46872e-05 0.012267 0.0126577
33.2 1.0976e-13 2.53274e-13 -2.3127e-05 -2.26183e-05 0.0116679 0.0120823
33.4 5.06295e-14 2.08613e-13 -2.11807e-05 -2.07211e-05 0.0110925 0.0115315
33.6 6.90702e-14 1.7182e-13 -1.93949e-05 -1.89817e-05 0.0105398 0.0110044
33.8 7.39131e-14 1.41512e-13 -1.77564e-05 -1.73869e-05 0.0100087 0.0104999
34 9.51395e-14 1.16546e-13 -1.62531e-05 -1.59249e-05 0.00949843 0.0100173
34.2 1.29723e-13 9.59809e-14 -1.48736e-05 -1.45848e-05 0.00900795 0.00955565
34.4 1.2067e-13 7.90421e-14 -1.36077e-05 -1.33565e-05 0.00853639 0.0091141
34.6 3.65725e-14 6.50904e-14 -1.24458e-05 -1.22308e-05 0.00808287 0.00869186
34.8 -3.5099e-14 5.35996e-14 -1.13794e-05 -1.11991e-05 0.00764655 0.00828816
35 -4.99811e-14 4.41358e-14 -1.04003e-05 -1.02538e-05 0.0072266 0.00790224
35.2 -1.29374e-14 3.63418e-14 -9.50115e-06 -9.38756e-06 0.00682221 0.00753339
35.4 1.96795e-14 2.99232e-14 -8.67521e-06 -8.59394e-06 0.0064326 0.00718089
35.6 6.34686e-14 2.46375e-14 -7.91619e-06 -7.86688e-06 0.00605701 0.00684409
35.8 1.15699e-13 2.02848e-14 -7.21836e-06 -7.20085e-06 0.0056947 0.00652233
36 1.4351e-13 1.67006e-14 -6.57639e-06 -6.59076e-06 0.00534495 0.00621498
36.2 1.11041e-13 1.37492e-14 -5.98541e-06 -6.03198e-06 0.00500705 0.00592144
36.4 7.84589e-14 1.13191e-14 -5.44091e-06 -5.52021e-06 0.00468031 0.00564114
36.6 8.34071e-14 9.31822e-15 -4.93873e-06 -5.05153e-06 0.00436406 0.00537352
36.8 7.78956e-14 7.6708e-15 -4.47501e-06 -4.62236e-06 0.00405765 0.00511803
37 6.1401e-14 6.31446e-15 -4.0462e-06 -4.22938e-06 0.00376043 0.00487416
37.2 8.78682e-14 5.19778e-15 -3.64901e-06 -3.86957e-06 0.00347177 0.00464142
37.4 1.43074e-13 4.27846e-15 -3.28037e-06 -3.54016e-06 0.00319106 0.00441933
37.6 1.57953e-13 3.52164e-15 -2.93744e-06 -3.23859e-06 0.00291769 0.00420743
37.8 1.67104e-13 2.89861e-15 -2.61755e-06 -2.96254e-06 0.00265106 0.00400528
38 1.86294e-13 2.38574e-15 -2.31824e-06 -2.70985e-06 0.00239059 0.00381245
38.2 1.53599e-13 1.96356e-15 -2.03717e-06 -2.47858e-06 0.00213571 0.00362854
38.4 7.72681e-14 1.61604e-15 -1.77216e-06 -2.26691e-06 0.00188583 0.00345316
38.6 4.06606e-14 1.33e-15 -1.52113e-06 -2.07319e-06 0.00164039 0.00328594
38.8 3.59884e-14 1.09455e-15 -1.28212e-06 -1.89593e-06 0.00139884 0.00312651
39 2.17313e-14 9.00761e-16 -1.05326e-06 -1.73372e-06 0.00116061 0.00297453
39.2 6.07713e-14 7.41263e-16 -8.32741e-07 -1.5853e-06 0.000925158 0.00282968
39.4 1.33016e-13 6.09991e-16 -6.18832e-07 -1.44951e-06 0.000691922 0.00269162
39.6 1.2768e-13 5.01954e-16 -4.09839e-07 -1.32528e-06 0.000460353 0.00256006
39.8 5.01696e-14 4.13041e-16 -2.04107e-07 -1.21163e-06 0.000229897 0.00243471
