0 nan
0.005 5.29545
0.01 4.59948
0.015 4.19123
0.02 3.9008
0.025 3.67496
0.03 3.48997
0.035 3.3332
0.04 3.19708
0.045 3.07675
0.05 2.96888
0.055 2.8711
0.06 2.78166
0.065 2.69922
0.07 2.62275
0.075 2.55144
0.08 2.48462
0.085 2.42175
0.09 2.36238
0.095 2.30614
0.1 2.25271
0.105 2.20182
0.11 2.15324
0.115 2.10675
0.12 2.0622
0.125 2.01942
0.13 1.97827
0.135 1.93864
0.14 1.90042
0.145 1.8635
0.15 1.82781
0.155 1.79327
0.16 1.7598
0.165 1.72734
0.17 1.69583
0.175 1.66522
0.18 1.63546
0.185 1.6065
0.19 1.57831
0.195 1.55084
0.2 1.52406
0.205 1.49794
0.21 1.47245
0.215 1.44755
0.22 1.42322
0.225 1.39945
0.23 1.37619
0.235 1.35345
0.24 1.33118
0.245 1.30938
0.25 1.28802
0.255 1.2671
0.26 1.24659
0.265 1.22648
0.27 1.20675
0.275 1.1874
0.28 1.1684
0.285 1.14976
0.29 1.13145
0.295 1.11347
0.3 1.0958
0.305 1.07844
0.31 1.06137
0.315 1.0446
0.32 1.0281
0.325 1.01188
0.33 0.995917
0.335 0.980215
0.34 0.964762
0.345 0.949553
0.35 0.934581
0.355 0.91984
0.36 0.905325
0.365 0.891029
0.37 0.876947
0.375 0.863074
0.38 0.849405
0.385 0.835936
0.39 0.822661
0.395 0.809576
0.4 0.796678
0.405 0.783961
0.41 0.771422
0.415 0.759058
0.42 0.746864
0.425 0.734836
0.43 0.722973
0.435 0.711269
0.44 0.699722
0.445 0.688329
0.45 0.677087
0.455 0.665993
0.46 0.655044
0.465 0.644237
0.47 0.63357
0.475 0.62304
0.48 0.612645
0.485 0.602382
0.49 0.59225
0.495 0.582245
0.5 0.572365
0.505 0.562609
0.51 0.552974
0.515 0.543458
0.52 0.53406
0.525 0.524777
0.53 0.515608
0.535 0.50655
0.54 0.497603
0.545 0.488763
0.55 0.480031
0.555 0.471403
0.56 0.462879
0.565 0.454457
0.57 0.446135
0.575 0.437912
0.58 0.429787
0.585 0.421758
0.59 0.413824
0.595 0.405983
0.6 0.398234
0.605 0.390576
0.61 0.383008
0.615 0.375528
0.62 0.368136
0.625 0.360829
0.63 0.353608
0.635 0.346471
0.64 0.339417
0.645 0.332444
0.65 0.325552
0.655 0.31874
0.66 0.312007
0.665 0.305352
0.67 0.298773
0.675 0.292271
0.68 0.285843
0.685 0.27949
0.69 0.27321
0.695 0.267003
0.7 0.260867
0.705 0.254802
0.71 0.248808
0.715 0.242882
0.72 0.237025
0.725 0.231236
0.73 0.225514
0.735 0.219858
0.74 0.214268
0.745 0.208742
0.75 0.203281
0.755 0.197883
0.76 0.192549
0.765 0.187276
0.77 0.182065
0.775 0.176915
0.78 0.171826
0.785 0.166796
0.79 0.161825
0.795 0.156914
0.8 0.15206
0.805 0.147263
0.81 0.142524
0.815 0.137841
0.82 0.133214
0.825 0.128642
0.83 0.124125
0.835 0.119662
0.84 0.115253
0.845 0.110898
0.85 0.106595
0.855 0.102345
0.86 0.0981466
0.865 0.0939997
0.87 0.0899039
0.875 0.0858587
0.88 0.0818636
0.885 0.0779182
0.89 0.0740222
0.895 0.070175
0.9 0.0663762
0.905 0.0626256
0.91 0.0589226
0.915 0.0552668
0.92 0.051658
0.925 0.0480957
0.93 0.0445795
0.935 0.0411091
0.94 0.037684
0.945 0.0343041
0.95 0.0309688
0.955 0.0276779
0.96 0.0244309
0.965 0.0212277
0.97 0.0180677
0.975 0.0149508
0.98 0.0118765
0.985 0.00884465
0.99 0.0058548
0.995 0.00290668
1 -1.09351e-08
1.005 -0.00286558
1.01 -0.00569032
1.015 -0.00847453
1.02 -0.0112185
1.025 -0.0139225
1.03 -0.0165869
1.035 -0.0192118
1.04 -0.0217977
1.045 -0.0243447
1.05 -0.0268531
1.055 -0.0293232
1.06 -0.0317553
1.065 -0.0341495
1.07 -0.0365063
1.075 -0.0388257
1.08 -0.0411082
1.085 -0.0433538
1.09 -0.0455629
1.095 -0.0477357
1.1 -0.0498725
1.105 -0.0519733
1.11 -0.0540386
1.115 -0.0560686
1.12 -0.0580633
1.125 -0.0600232
1.13 -0.0619483
1.135 -0.063839
1.14 -0.0656954
1.145 -0.0675177
1.15 -0.0693062
1.155 -0.0710611
1.16 -0.0727825
1.165 -0.0744707
1.17 -0.0761258
1.175 -0.0777481
1.18 -0.0793378
1.185 -0.0808951
1.19 -0.0824201
1.195 -0.083913
1.2 -0.0853741
1.205 -0.0868035
1.21 -0.0882014
1.215 -0.0895679
1.22 -0.0909034
1.225 -0.0922078
1.23 -0.0934815
1.235 -0.0947246
1.24 -0.0959372
1.245 -0.0971196
1.25 -0.0982718
1.255 -0.0993942
1.26 -0.100487
1.265 -0.10155
1.27 -0.102583
1.275 -0.103587
1.28 -0.104563
1.285 -0.105509
1.29 -0.106426
1.295 -0.107315
1.3 -0.108175
1.305 -0.109007
1.31 -0.10981
1.315 -0.110586
1.32 -0.111333
1.325 -0.112053
1.33 -0.112745
1.335 -0.11341
1.34 -0.114048
1.345 -0.114658
1.35 -0.115241
1.355 -0.115797
1.36 -0.116327
1.365 -0.116829
1.37 -0.117305
1.375 -0.117755
1.38 -0.118179
1.385 -0.118576
1.39 -0.118948
1.395 -0.119293
1.4 -0.119613
1.405 -0.119907
1.41 -0.120176
1.415 -0.120419
1.42 -0.120637
1.425 -0.12083
1.43 -0.120997
1.435 -0.12114
1.44 -0.121258
1.445 -0.121352
1.45 -0.121421
1.455 -0.121465
1.46 -0.121485
1.465 -0.121481
1.47 -0.121453
1.475 -0.1214
1.48 -0.121324
1.485 -0.121224
1.49 -0.1211
1.495 -0.120953
1.5 -0.120782
1.505 -0.120588
1.51 -0.120371
1.515 -0.12013
1.52 -0.119867
1.525 -0.11958
1.53 -0.119271
1.535 -0.118938
1.54 -0.118583
1.545 -0.118206
1.55 -0.117806
1.555 -0.117384
1.56 -0.116939
1.565 -0.116473
1.57 -0.115984
1.575 -0.115473
1.58 -0.11494
1.585 -0.114386
1.59 -0.113809
1.595 -0.113211
1.6 -0.112592
1.605 -0.111951
1.61 -0.111288
1.615 -0.110605
1.62 -0.1099
1.625 -0.109174
1.63 -0.108427
1.635 -0.107659
1.64 -0.106871
1.645 -0.106061
1.65 -0.105231
1.655 -0.10438
1.66 -0.103508
1.665 -0.102617
1.67 -0.101704
1.675 -0.100772
1.68 -0.0998192
1.685 -0.0988463
1.69 -0.0978534
1.695 -0.0968405
1.7 -0.0958077
1.705 -0.0947551
1.71 -0.0936827
1.715 -0.0925906
1.72 -0.0914789
1.725 -0.0903477
1.73 -0.089197
1.735 -0.0880269
1.74 -0.0868376
1.745 -0.0856289
1.75 -0.0844011
1.755 -0.0831542
1.76 -0.0818883
1.765 -0.0806034
1.77 -0.0792996
1.775 -0.077977
1.78 -0.0766356
1.785 -0.0752755
1.79 -0.0738969
1.795 -0.0724996
1.8 -0.0710839
1.805 -0.0696497
1.81 -0.0681972
1.815 -0.0667264
1.82 -0.0652374
1.825 -0.0637301
1.83 -0.0622048
1.835 -0.0606615
1.84 -0.0591002
1.845 -0.0575209
1.85 -0.0559238
1.855 -0.0543089
1.86 -0.0526763
1.865 -0.051026
1.87 -0.0493581
1.875 -0.0476727
1.88 -0.0459698
1.885 -0.0442494
1.89 -0.0425116
1.895 -0.0407566
1.9 -0.0389843
1.905 -0.0371948
1.91 -0.0353881
1.915 -0.0335644
1.92 -0.0317236
1.925 -0.0298659
1.93 -0.0279912
1.935 -0.0260997
1.94 -0.0241914
1.945 -0.0222663
1.95 -0.0203245
1.955 -0.0183661
1.96 -0.0163911
1.965 -0.0143995
1.97 -0.0123915
1.975 -0.010367
1.98 -0.00832616
1.985 -0.00626899
1.99 -0.00419554
1.995 -0.00210586
2 -6.47043e-09
2.005 0.00212196
2.01 0.00426001
2.015 0.00641408
2.02 0.00858413
2.025 0.0107701
2.03 0.0129719
2.035 0.0151896
2.04 0.0174231
2.045 0.0196722
2.05 0.0219371
2.055 0.0242176
2.06 0.0265136
2.065 0.0288253
2.07 0.0311524
2.075 0.0334949
2.08 0.0358529
2.085 0.0382262
2.09 0.0406148
2.095 0.0430186
2.1 0.0454377
2.105 0.047872
2.11 0.0503214
2.115 0.0527858
2.12 0.0552653
2.125 0.0577598
2.13 0.0602693
2.135 0.0627936
2.14 0.0653329
2.145 0.0678869
2.15 0.0704557
2.155 0.0730393
2.16 0.0756375
2.165 0.0782504
2.17 0.0808779
2.175 0.08352
2.18 0.0861766
2.185 0.0888477
2.19 0.0915332
2.195 0.0942332
2.2 0.0969475
2.205 0.0996761
2.21 0.102419
2.215 0.105176
2.22 0.107947
2.225 0.110733
2.23 0.113533
2.235 0.116346
2.24 0.119174
2.245 0.122016
2.25 0.124872
2.255 0.127741
2.26 0.130625
2.265 0.133522
2.27 0.136434
2.275 0.139359
2.28 0.142298
2.285 0.14525
2.29 0.148216
2.295 0.151196
2.3 0.154189
2.305 0.157196
2.31 0.160217
2.315 0.163251
2.32 0.166298
2.325 0.169359
2.33 0.172433
2.335 0.175521
2.34 0.178622
2.345 0.181736
2.35 0.184864
2.355 0.188004
2.36 0.191158
2.365 0.194325
2.37 0.197505
2.375 0.200698
2.38 0.203905
2.385 0.207124
2.39 0.210356
2.395 0.213601
2.4 0.216859
2.405 0.22013
2.41 0.223414
2.415 0.226711
2.42 0.23002
2.425 0.233342
2.43 0.236677
2.435 0.240025
2.44 0.243385
2.445 0.246758
2.45 0.250143
2.455 0.253541
2.46 0.256951
2.465 0.260374
2.47 0.26381
2.475 0.267258
2.48 0.270718
2.485 0.274191
2.49 0.277676
2.495 0.281173
2.5 0.284683
2.505 0.288205
2.51 0.291739
2.515 0.295285
2.52 0.298844
2.525 0.302414
2.53 0.305997
2.535 0.309592
2.54 0.313199
2.545 0.316818
2.55 0.320449
2.555 0.324092
2.56 0.327747
2.565 0.331413
2.57 0.335092
2.575 0.338782
2.58 0.342485
2.585 0.346199
2.59 0.349925
2.595 0.353662
2.6 0.357412
2.605 0.361173
2.61 0.364946
2.615 0.36873
2.62 0.372526
2.625 0.376334
2.63 0.380153
2.635 0.383984
2.64 0.387826
2.645 0.391679
2.65 0.395545
2.655 0.399421
2.66 0.403309
2.665 0.407208
2.67 0.411119
2.675 0.415041
2.68 0.418975
2.685 0.422919
2.69 0.426875
2.695 0.430842
2.7 0.434821
2.705 0.43881
2.71 0.442811
2.715 0.446822
2.72 0.450845
2.725 0.454879
2.73 0.458924
2.735 0.46298
2.74 0.467048
2.745 0.471126
2.75 0.475215
2.755 0.479315
2.76 0.483426
2.765 0.487547
2.77 0.49168
2.775 0.495823
2.78 0.499978
2.785 0.504143
2.79 0.508319
2.795 0.512505
2.8 0.516703
2.805 0.520911
2.81 0.52513
2.815 0.529359
2.82 0.533599
2.825 0.53785
2.83 0.542111
2.835 0.546383
2.84 0.550665
2.845 0.554958
2.85 0.559262
2.855 0.563576
2.86 0.5679
2.865 0.572235
2.87 0.57658
2.875 0.580936
2.88 0.585302
2.885 0.589678
2.89 0.594065
2.895 0.598462
2.9 0.60287
2.905 0.607287
2.91 0.611715
2.915 0.616153
2.92 0.620602
2.925 0.62506
2.93 0.629529
2.935 0.634008
2.94 0.638497
2.945 0.642996
2.95 0.647505
2.955 0.652024
2.96 0.656553
2.965 0.661093
2.97 0.665642
2.975 0.670201
2.98 0.674771
2.985 0.67935
2.99 0.683939
2.995 0.688538
3 0.693147
3.005 0.697766
3.01 0.702395
3.015 0.707033
3.02 0.711682
3.025 0.71634
3.03 0.721008
3.035 0.725685
3.04 0.730373
3.045 0.73507
3.05 0.739777
3.055 0.744493
3.06 0.74922
3.065 0.753955
3.07 0.758701
3.075 0.763456
3.08 0.768221
3.085 0.772995
3.09 0.777779
3.095 0.782572
3.1 0.787375
3.105 0.792187
3.11 0.797009
3.115 0.801841
3.12 0.806681
3.125 0.811532
3.13 0.816391
3.135 0.82126
3.14 0.826139
3.145 0.831026
3.15 0.835924
3.155 0.84083
3.16 0.845746
3.165 0.850671
3.17 0.855605
3.175 0.860549
3.18 0.865501
3.185 0.870464
3.19 0.875435
3.195 0.880415
3.2 0.885405
3.205 0.890404
3.21 0.895412
3.215 0.900429
3.22 0.905455
3.225 0.91049
3.23 0.915534
3.235 0.920588
3.24 0.92565
3.245 0.930721
3.25 0.935802
3.255 0.940891
3.26 0.94599
3.265 0.951097
3.27 0.956214
3.275 0.961339
3.28 0.966473
3.285 0.971616
3.29 0.976768
3.295 0.981929
3.3 0.987099
3.305 0.992277
3.31 0.997464
3.315 1.00266
3.32 1.00787
3.325 1.01308
3.33 1.0183
3.335 1.02353
3.34 1.02877
3.345 1.03402
3.35 1.03928
3.355 1.04455
3.36 1.04982
3.365 1.0551
3.37 1.0604
3.375 1.0657
3.38 1.07101
3.385 1.07632
3.39 1.08165
3.395 1.08698
3.4 1.09233
3.405 1.09768
3.41 1.10304
3.415 1.10841
3.42 1.11379
3.425 1.11917
3.43 1.12457
3.435 1.12997
3.44 1.13538
3.445 1.1408
3.45 1.14623
3.455 1.15167
3.46 1.15711
3.465 1.16257
3.47 1.16803
3.475 1.1735
3.48 1.17898
3.485 1.18446
3.49 1.18996
3.495 1.19546
3.5 1.20097
3.505 1.20649
3.51 1.21202
3.515 1.21756
3.52 1.2231
3.525 1.22866
3.53 1.23422
3.535 1.23979
3.54 1.24536
3.545 1.25095
3.55 1.25654
3.555 1.26214
3.56 1.26775
3.565 1.27337
3.57 1.279
3.575 1.28463
3.58 1.29027
3.585 1.29592
3.59 1.30158
3.595 1.30725
3.6 1.31292
3.605 1.31861
3.61 1.3243
3.615 1.32999
3.62 1.3357
3.625 1.34141
3.63 1.34714
3.635 1.35287
3.64 1.3586
3.645 1.36435
3.65 1.3701
3.655 1.37587
3.66 1.38164
3.665 1.38741
3.67 1.3932
3.675 1.39899
3.68 1.40479
3.685 1.4106
3.69 1.41642
3.695 1.42224
3.7 1.42807
3.705 1.43391
3.71 1.43976
3.715 1.44561
3.72 1.45148
3.725 1.45735
3.73 1.46323
3.735 1.46911
3.74 1.47501
3.745 1.48091
3.75 1.48682
3.755 1.49273
3.76 1.49866
3.765 1.50459
3.77 1.51053
3.775 1.51647
3.78 1.52243
3.785 1.52839
3.79 1.53436
3.795 1.54034
3.8 1.54632
3.805 1.55231
3.81 1.55831
3.815 1.56432
3.82 1.57034
3.825 1.57636
3.83 1.58239
3.835 1.58842
3.84 1.59447
3.845 1.60052
3.85 1.60658
3.855 1.61265
3.86 1.61872
3.865 1.6248
3.87 1.63089
3.875 1.63699
3.88 1.64309
3.885 1.6492
3.89 1.65532
3.895 1.66145
3.9 1.66758
3.905 1.67372
3.91 1.67987
3.915 1.68602
3.92 1.69219
3.925 1.69835
3.93 1.70453
3.935 1.71072
3.94 1.71691
3.945 1.7231
3.95 1.72931
3.955 1.73552
3.96 1.74174
3.965 1.74797
3.97 1.7542
3.975 1.76045
3.98 1.76669
3.985 1.77295
3.99 1.77921
3.995 1.78548
4 1.79176
4.005 1.79804
4.01 1.80433
4.015 1.81063
4.02 1.81694
4.025 1.82325
4.03 1.82957
4.035 1.8359
4.04 1.84223
4.045 1.84857
4.05 1.85492
4.055 1.86127
4.06 1.86763
4.065 1.874
4.07 1.88038
4.075 1.88676
4.08 1.89315
4.085 1.89955
4.09 1.90595
4.095 1.91236
4.1 1.91878
4.105 1.9252
4.11 1.93163
4.115 1.93807
4.12 1.94451
4.125 1.95097
4.13 1.95742
4.135 1.96389
4.14 1.97036
4.145 1.97684
4.15 1.98333
4.155 1.98982
4.16 1.99632
4.165 2.00282
4.17 2.00934
4.175 2.01586
4.18 2.02238
4.185 2.02892
4.19 2.03546
4.195 2.042
4.2 2.04856
4.205 2.05512
4.21 2.06168
4.215 2.06826
4.22 2.07484
4.225 2.08142
4.23 2.08802
4.235 2.09462
4.24 2.10122
4.245 2.10784
4.25 2.11446
4.255 2.12108
4.26 2.12772
4.265 2.13436
4.27 2.141
4.275 2.14766
4.28 2.15432
4.285 2.16098
4.29 2.16766
4.295 2.17434
4.3 2.18102
4.305 2.18771
4.31 2.19441
4.315 2.20112
4.32 2.20783
4.325 2.21455
4.33 2.22127
4.335 2.22801
4.34 2.23474
4.345 2.24149
4.35 2.24824
4.355 2.255
4.36 2.26176
4.365 2.26853
4.37 2.27531
4.375 2.28209
4.38 2.28888
4.385 2.29568
4.39 2.30248
4.395 2.30929
4.4 2.3161
4.405 2.32293
4.41 2.32975
4.415 2.33659
4.42 2.34343
4.425 2.35028
4.43 2.35713
4.435 2.36399
4.44 2.37085
4.445 2.37773
4.45 2.38461
4.455 2.39149
4.46 2.39838
4.465 2.40528
4.47 2.41218
4.475 2.41909
4.48 2.42601
4.485 2.43293
4.49 2.43986
4.495 2.4468
4.5 2.45374
4.505 2.46068
4.51 2.46764
4.515 2.4746
4.52 2.48156
4.525 2.48854
4.53 2.49551
4.535 2.5025
4.54 2.50949
4.545 2.51649
4.55 2.52349
4.555 2.5305
4.56 2.53751
4.565 2.54454
4.57 2.55156
4.575 2.5586
4.58 2.56564
4.585 2.57268
4.59 2.57973
4.595 2.58679
4.6 2.59386
4.605 2.60093
4.61 2.608
4.615 2.61509
4.62 2.62217
4.625 2.62927
4.63 2.63637
4.635 2.64348
4.64 2.65059
4.645 2.65771
4.65 2.66483
4.655 2.67196
4.66 2.6791
4.665 2.68624
4.67 2.69339
4.675 2.70054
4.68 2.7077
4.685 2.71487
4.69 2.72204
4.695 2.72922
4.7 2.73641
4.705 2.7436
4.71 2.75079
4.715 2.75799
4.72 2.7652
4.725 2.77241
4.73 2.77963
4.735 2.78686
4.74 2.79409
4.745 2.80133
4.75 2.80857
4.755 2.81582
4.76 2.82308
4.765 2.83034
4.77 2.8376
4.775 2.84487
4.78 2.85215
4.785 2.85944
4.79 2.86673
4.795 2.87402
4.8 2.88132
4.805 2.88863
4.81 2.89594
4.815 2.90326
4.82 2.91059
4.825 2.91792
4.83 2.92525
4.835 2.93259
4.84 2.93994
4.845 2.9473
4.85 2.95465
4.855 2.96202
4.86 2.96939
4.865 2.97677
4.87 2.98415
4.875 2.99153
4.88 2.99893
4.885 3.00633
4.89 3.01373
4.895 3.02114
4.9 3.02856
4.905 3.03598
4.91 3.04341
4.915 3.05084
4.92 3.05828
4.925 3.06572
4.93 3.07317
4.935 3.08063
4.94 3.08809
4.945 3.09555
4.95 3.10303
4.955 3.1105
4.96 3.11799
4.965 3.12548
4.97 3.13297
4.975 3.14047
4.98 3.14798
4.985 3.15549
4.99 3.163
4.995 3.17053
5 3.17805
5.005 3.18559
5.01 3.19313
5.015 3.20067
5.02 3.20822
5.025 3.21578
5.03 3.22334
5.035 3.2309
5.04 3.23848
5.045 3.24605
5.05 3.25364
5.055 3.26122
5.06 3.26882
5.065 3.27642
5.07 3.28402
5.075 3.29163
5.08 3.29925
5.085 3.30687
5.09 3.31449
5.095 3.32213
5.1 3.32976
5.105 3.33741
5.11 3.34506
5.115 3.35271
5.12 3.36037
5.125 3.36803
5.13 3.3757
5.135 3.38338
5.14 3.39106
5.145 3.39874
5.15 3.40643
5.155 3.41413
5.16 3.42183
5.165 3.42954
5.17 3.43725
5.175 3.44497
5.18 3.45269
5.185 3.46042
5.19 3.46816
5.195 3.4759
5.2 3.48364
5.205 3.49139
5.21 3.49915
5.215 3.50691
5.22 3.51467
5.225 3.52244
5.23 3.53022
5.235 3.538
5.24 3.54579
5.245 3.55358
5.25 3.56138
5.255 3.56918
5.26 3.57699
5.265 3.5848
5.27 3.59262
5.275 3.60044
5.28 3.60827
5.285 3.6161
5.29 3.62394
5.295 3.63179
5.3 3.63964
5.305 3.64749
5.31 3.65535
5.315 3.66322
5.32 3.67109
5.325 3.67896
5.33 3.68684
5.335 3.69473
5.34 3.70262
5.345 3.71051
5.35 3.71842
5.355 3.72632
5.36 3.73423
5.365 3.74215
5.37 3.75007
5.375 3.758
5.38 3.76593
5.385 3.77387
5.39 3.78181
5.395 3.78976
5.4 3.79771
5.405 3.80567
5.41 3.81363
5.415 3.8216
5.42 3.82957
5.425 3.83755
5.43 3.84553
5.435 3.85352
5.44 3.86151
5.445 3.86951
5.45 3.87751
5.455 3.88552
5.46 3.89353
5.465 3.90155
5.47 3.90957
5.475 3.9176
5.48 3.92563
5.485 3.93367
5.49 3.94171
5.495 3.94976
5.5 3.95781
5.505 3.96587
5.51 3.97393
5.515 3.982
5.52 3.99008
5.525 3.99815
5.53 4.00624
5.535 4.01432
5.54 4.02242
5.545 4.03051
5.55 4.03862
5.555 4.04672
5.56 4.05484
5.565 4.06295
5.57 4.07108
5.575 4.0792
5.58 4.08734
5.585 4.09547
5.59 4.10361
5.595 4.11176
5.6 4.11991
5.605 4.12807
5.61 4.13623
5.615 4.1444
5.62 4.15257
5.625 4.16075
5.63 4.16893
5.635 4.17711
5.64 4.1853
5.645 4.1935
5.65 4.2017
5.655 4.2099
5.66 4.21811
5.665 4.22633
5.67 4.23455
5.675 4.24277
5.68 4.251
5.685 4.25924
5.69 4.26748
5.695 4.27572
5.7 4.28397
5.705 4.29222
5.71 4.30048
5.715 4.30874
5.72 4.31701
5.725 4.32528
5.73 4.33356
5.735 4.34184
5.74 4.35013
5.745 4.35842
5.75 4.36672
5.755 4.37502
5.76 4.38332
5.765 4.39163
5.77 4.39995
5.775 4.40827
5.78 4.41659
5.785 4.42492
5.79 4.43326
5.795 4.4416
5.8 4.44994
5.805 4.45829
5.81 4.46664
5.815 4.475
5.82 4.48336
5.825 4.49173
5.83 4.5001
5.835 4.50848
5.84 4.51686
5.845 4.52524
5.85 4.53363
5.855 4.54203
5.86 4.55043
5.865 4.55883
5.87 4.56724
5.875 4.57565
5.88 4.58407
5.885 4.5925
5.89 4.60092
5.895 4.60936
5.9 4.61779
5.905 4.62623
5.91 4.63468
5.915 4.64313
5.92 4.65159
5.925 4.66005
5.93 4.66851
5.935 4.67698
5.94 4.68545
5.945 4.69393
5.95 4.70241
5.955 4.7109
5.96 4.71939
5.965 4.72789
5.97 4.73639
5.975 4.7449
5.98 4.75341
5.985 4.76192
5.99 4.77044
5.995 4.77896
6 4.78749
6.005 4.79602
6.01 4.80456
6.015 4.8131
6.02 4.82165
6.025 4.8302
6.03 4.83876
6.035 4.84732
6.04 4.85588
6.045 4.86445
6.05 4.87302
6.055 4.8816
6.06 4.89018
6.065 4.89877
6.07 4.90736
6.075 4.91596
6.08 4.92456
6.085 4.93316
6.09 4.94177
6.095 4.95039
6.1 4.959
6.105 4.96763
6.11 4.97625
6.115 4.98489
6.12 4.99352
6.125 5.00216
6.13 5.01081
6.135 5.01946
6.14 5.02811
6.145 5.03677
6.15 5.04543
6.155 5.0541
6.16 5.06277
6.165 5.07145
6.17 5.08013
6.175 5.08881
6.18 5.0975
6.185 5.10619
6.19 5.11489
6.195 5.12359
6.2 5.1323
6.205 5.14101
6.21 5.14972
6.215 5.15844
6.22 5.16717
6.225 5.1759
6.23 5.18463
6.235 5.19337
6.24 5.20211
6.245 5.21085
6.25 5.2196
6.255 5.22836
6.26 5.23712
6.265 5.24588
6.27 5.25465
6.275 5.26342
6.28 5.2722
6.285 5.28098
6.29 5.28976
6.295 5.29855
6.3 5.30734
6.305 5.31614
6.31 5.32494
6.315 5.33375
6.32 5.34256
6.325 5.35137
6.33 5.36019
6.335 5.36902
6.34 5.37784
6.345 5.38668
6.35 5.39551
6.355 5.40435
6.36 5.4132
6.365 5.42205
6.37 5.4309
6.375 5.43976
6.38 5.44862
6.385 5.45748
6.39 5.46635
6.395 5.47523
6.4 5.48411
6.405 5.49299
6.41 5.50188
6.415 5.51077
6.42 5.51966
6.425 5.52856
6.43 5.53747
6.435 5.54638
6.44 5.55529
6.445 5.5642
6.45 5.57312
6.455 5.58205
6.46 5.59098
6.465 5.59991
6.47 5.60885
6.475 5.61779
6.48 5.62674
6.485 5.63569
6.49 5.64464
6.495 5.6536
6.5 5.66256
6.505 5.67153
6.51 5.6805
6.515 5.68947
6.52 5.69845
6.525 5.70744
6.53 5.71642
6.535 5.72542
6.54 5.73441
6.545 5.74341
6.55 5.75241
6.555 5.76142
6.56 5.77044
6.565 5.77945
6.57 5.78847
6.575 5.7975
6.58 5.80652
6.585 5.81556
6.59 5.82459
6.595 5.83364
6.6 5.84268
6.605 5.85173
6.61 5.86078
6.615 5.86984
6.62 5.8789
6.625 5.88797
6.63 5.89704
6.635 5.90611
6.64 5.91519
6.645 5.92427
6.65 5.93335
6.655 5.94244
6.66 5.95154
6.665 5.96064
6.67 5.96974
6.675 5.97884
6.68 5.98795
6.685 5.99707
6.69 6.00619
6.695 6.01531
6.7 6.02443
6.705 6.03356
6.71 6.0427
6.715 6.05184
6.72 6.06098
6.725 6.07012
6.73 6.07927
6.735 6.08843
6.74 6.09759
6.745 6.10675
6.75 6.11592
6.755 6.12509
6.76 6.13426
6.765 6.14344
6.77 6.15262
6.775 6.16181
6.78 6.171
6.785 6.18019
6.79 6.18939
6.795 6.19859
6.8 6.2078
6.805 6.21701
6.81 6.22622
6.815 6.23544
6.82 6.24466
6.825 6.25389
6.83 6.26312
6.835 6.27235
6.84 6.28159
6.845 6.29083
6.85 6.30007
6.855 6.30932
6.86 6.31858
6.865 6.32783
6.87 6.3371
6.875 6.34636
6.88 6.35563
6.885 6.3649
6.89 6.37418
6.895 6.38346
6.9 6.39274
6.905 6.40203
6.91 6.41133
6.915 6.42062
6.92 6.42992
6.925 6.43923
6.93 6.44853
6.935 6.45785
6.94 6.46716
6.945 6.47648
6.95 6.4858
6.955 6.49513
6.96 6.50446
6.965 6.5138
6.97 6.52314
6.975 6.53248
6.98 6.54183
6.985 6.55118
6.99 6.56053
6.995 6.56989
7 6.57925
7.005 6.58862
7.01 6.59799
7.015 6.60736
7.02 6.61674
7.025 6.62612
7.03 6.6355
7.035 6.64489
7.04 6.65429
7.045 6.66368
7.05 6.67308
7.055 6.68249
7.06 6.69189
7.065 6.70131
7.07 6.71072
7.075 6.72014
7.08 6.72956
7.085 6.73899
7.09 6.74842
7.095 6.75786
7.1 6.76729
7.105 6.77674
7.11 6.78618
7.115 6.79563
7.12 6.80508
7.125 6.81454
7.13 6.824
7.135 6.83347
7.14 6.84294
7.145 6.85241
7.15 6.86188
7.155 6.87136
7.16 6.88085
7.165 6.89033
7.17 6.89982
7.175 6.90932
7.18 6.91882
7.185 6.92832
7.19 6.93783
7.195 6.94733
7.2 6.95685
7.205 6.96637
7.21 6.97589
7.215 6.98541
7.22 6.99494
7.225 7.00447
7.23 7.01401
7.235 7.02355
7.24 7.03309
7.245 7.04264
7.25 7.05219
7.255 7.06174
7.26 7.0713
7.265 7.08086
7.27 7.09042
7.275 7.09999
7.28 7.10957
7.285 7.11914
7.29 7.12872
7.295 7.13831
7.3 7.14789
7.305 7.15748
7.31 7.16708
7.315 7.17668
7.32 7.18628
7.325 7.19588
7.33 7.20549
7.335 7.21511
7.34 7.22472
7.345 7.23434
7.35 7.24397
7.355 7.25359
7.36 7.26323
7.365 7.27286
7.37 7.2825
7.375 7.29214
7.38 7.30179
7.385 7.31144
7.39 7.32109
7.395 7.33074
7.4 7.3404
7.405 7.35007
7.41 7.35974
7.415 7.36941
7.42 7.37908
7.425 7.38876
7.43 7.39844
7.435 7.40813
7.44 7.41782
7.445 7.42751
7.45 7.43721
7.455 7.4469
7.46 7.45661
7.465 7.46632
7.47 7.47603
7.475 7.48574
7.48 7.49546
7.485 7.50518
7.49 7.5149
7.495 7.52463
7.5 7.53436
7.505 7.5441
7.51 7.55384
7.515 7.56358
7.52 7.57333
7.525 7.58308
7.53 7.59283
7.535 7.60259
7.54 7.61235
7.545 7.62211
7.55 7.63188
7.555 7.64165
7.56 7.65143
7.565 7.6612
7.57 7.67099
7.575 7.68077
7.58 7.69056
7.585 7.70035
7.59 7.71015
7.595 7.71995
7.6 7.72975
7.605 7.73956
7.61 7.74937
7.615 7.75918
7.62 7.769
7.625 7.77882
7.63 7.78864
7.635 7.79847
7.64 7.8083
7.645 7.81813
7.65 7.82797
7.655 7.83781
7.66 7.84766
7.665 7.85751
7.67 7.86736
7.675 7.87721
7.68 7.88707
7.685 7.89693
7.69 7.9068
7.695 7.91667
7.7 7.92654
7.705 7.93642
7.71 7.9463
7.715 7.95618
7.72 7.96607
7.725 7.97596
7.73 7.98585
7.735 7.99575
7.74 8.00565
7.745 8.01555
7.75 8.02546
7.755 8.03537
7.76 8.04528
7.765 8.0552
7.77 8.06512
7.775 8.07505
7.78 8.08497
7.785 8.09491
7.79 8.10484
7.795 8.11478
7.8 8.12472
7.805 8.13466
7.81 8.14461
7.815 8.15456
7.82 8.16452
7.825 8.17448
7.83 8.18444
7.835 8.19441
7.84 8.20438
7.845 8.21435
7.85 8.22432
7.855 8.2343
7.86 8.24428
7.865 8.25427
7.87 8.26426
7.875 8.27425
7.88 8.28425
7.885 8.29425
7.89 8.30425
7.895 8.31426
7.9 8.32427
7.905 8.33428
7.91 8.34429
7.915 8.35431
7.92 8.36434
7.925 8.37436
7.93 8.38439
7.935 8.39443
7.94 8.40446
7.945 8.4145
7.95 8.42455
7.955 8.43459
7.96 8.44464
7.965 8.4547
7.97 8.46475
7.975 8.47481
7.98 8.48488
7.985 8.49494
7.99 8.50501
7.995 8.51508
8 8.52516
8.005 8.53524
8.01 8.54532
8.015 8.55541
8.02 8.5655
8.025 8.57559
8.03 8.58569
8.035 8.59579
8.04 8.60589
8.045 8.616
8.05 8.62611
8.055 8.63622
8.06 8.64634
8.065 8.65646
8.07 8.66658
8.075 8.67671
8.08 8.68684
8.085 8.69697
8.09 8.70711
8.095 8.71725
8.1 8.72739
8.105 8.73753
8.11 8.74768
8.115 8.75784
8.12 8.76799
8.125 8.77815
8.13 8.78831
8.135 8.79848
8.14 8.80865
8.145 8.81882
8.15 8.829
8.155 8.83917
8.16 8.84936
8.165 8.85954
8.17 8.86973
8.175 8.87992
8.18 8.89012
8.185 8.90031
8.19 8.91052
8.195 8.92072
8.2 8.93093
8.205 8.94114
8.21 8.95135
8.215 8.96157
8.22 8.97179
8.225 8.98202
8.23 8.99225
8.235 9.00248
8.24 9.01271
8.245 9.02295
8.25 9.03319
8.255 9.04343
8.26 9.05368
8.265 9.06393
8.27 9.07418
8.275 9.08444
8.28 9.0947
8.285 9.10496
8.29 9.11523
8.295 9.12549
8.3 9.13577
8.305 9.14604
8.31 9.15632
8.315 9.1666
8.32 9.17689
8.325 9.18718
8.33 9.19747
8.335 9.20776
8.34 9.21806
8.345 9.22836
8.35 9.23867
8.355 9.24897
8.36 9.25929
8.365 9.2696
8.37 9.27992
8.375 9.29024
8.38 9.30056
8.385 9.31089
8.39 9.32122
8.395 9.33155
8.4 9.34188
8.405 9.35222
8.41 9.36257
8.415 9.37291
8.42 9.38326
8.425 9.39361
8.43 9.40397
8.435 9.41433
8.44 9.42469
8.445 9.43505
8.45 9.44542
8.455 9.45579
8.46 9.46616
8.465 9.47654
8.47 9.48692
8.475 9.4973
8.48 9.50769
8.485 9.51808
8.49 9.52847
8.495 9.53887
8.5 9.54927
8.505 9.55967
8.51 9.57007
8.515 9.58048
8.52 9.59089
8.525 9.60131
8.53 9.61173
8.535 9.62215
8.54 9.63257
8.545 9.643
8.55 9.65343
8.555 9.66386
8.56 9.6743
8.565 9.68474
8.57 9.69518
8.575 9.70562
8.58 9.71607
8.585 9.72652
8.59 9.73698
8.595 9.74744
8.6 9.7579
8.605 9.76836
8.61 9.77883
8.615 9.7893
8.62 9.79977
8.625 9.81025
8.63 9.82073
8.635 9.83121
8.64 9.8417
8.645 9.85218
8.65 9.86268
8.655 9.87317
8.66 9.88367
8.665 9.89417
8.67 9.90467
8.675 9.91518
8.68 9.92569
8.685 9.9362
8.69 9.94672
8.695 9.95724
8.7 9.96776
8.705 9.97829
8.71 9.98882
8.715 9.99935
8.72 10.0099
8.725 10.0204
8.73 10.031
8.735 10.0415
8.74 10.052
8.745 10.0626
8.75 10.0732
8.755 10.0837
8.76 10.0943
8.765 10.1048
8.77 10.1154
8.775 10.126
8.78 10.1365
8.785 10.1471
8.79 10.1577
8.795 10.1683
8.8 10.1788
8.805 10.1894
8.81 10.2
8.815 10.2106
8.82 10.2212
8.825 10.2318
8.83 10.2424
8.835 10.253
8.84 10.2636
8.845 10.2742
8.85 10.2848
8.855 10.2955
8.86 10.3061
8.865 10.3167
8.87 10.3273
8.875 10.3379
8.88 10.3486
8.885 10.3592
8.89 10.3698
8.895 10.3805
8.9 10.3911
8.905 10.4018
8.91 10.4124
8.915 10.4231
8.92 10.4337
8.925 10.4444
8.93 10.455
8.935 10.4657
8.94 10.4764
8.945 10.487
8.95 10.4977
8.955 10.5084
8.96 10.5191
8.965 10.5298
8.97 10.5404
8.975 10.5511
8.98 10.5618
8.985 10.5725
8.99 10.5832
8.995 10.5939
9 10.6046
9.005 10.6153
9.01 10.626
9.015 10.6367
9.02 10.6474
9.025 10.6582
9.03 10.6689
9.035 10.6796
9.04 10.6903
9.045 10.7011
9.05 10.7118
9.055 10.7225
9.06 10.7333
9.065 10.744
9.07 10.7547
9.075 10.7655
9.08 10.7762
9.085 10.787
9.09 10.7977
9.095 10.8085
9.1 10.8193
9.105 10.83
9.11 10.8408
9.115 10.8516
9.12 10.8623
9.125 10.8731
9.13 10.8839
9.135 10.8947
9.14 10.9054
9.145 10.9162
9.15 10.927
9.155 10.9378
9.16 10.9486
9.165 10.9594
9.17 10.9702
9.175 10.981
9.18 10.9918
9.185 11.0026
9.19 11.0134
9.195 11.0242
9.2 11.0351
9.205 11.0459
9.21 11.0567
9.215 11.0675
9.22 11.0784
9.225 11.0892
9.23 11.1
9.235 11.1109
9.24 11.1217
9.245 11.1326
9.25 11.1434
9.255 11.1542
9.26 11.1651
9.265 11.176
9.27 11.1868
9.275 11.1977
9.28 11.2085
9.285 11.2194
9.29 11.2303
9.295 11.2411
9.3 11.252
9.305 11.2629
9.31 11.2738
9.315 11.2847
9.32 11.2956
9.325 11.3064
9.33 11.3173
9.335 11.3282
9.34 11.3391
9.345 11.35
9.35 11.3609
9.355 11.3718
9.36 11.3827
9.365 11.3937
9.37 11.4046
9.375 11.4155
9.38 11.4264
9.385 11.4373
9.39 11.4483
9.395 11.4592
9.4 11.4701
9.405 11.4811
9.41 11.492
9.415 11.5029
9.42 11.5139
9.425 11.5248
9.43 11.5358
9.435 11.5467
9.44 11.5577
9.445 11.5686
9.45 11.5796
9.455 11.5905
9.46 11.6015
9.465 11.6125
9.47 11.6235
9.475 11.6344
9.48 11.6454
9.485 11.6564
9.49 11.6674
9.495 11.6783
9.5 11.6893
9.505 11.7003
9.51 11.7113
9.515 11.7223
9.52 11.7333
9.525 11.7443
9.53 11.7553
9.535 11.7663
9.54 11.7773
9.545 11.7883
9.55 11.7994
9.555 11.8104
9.56 11.8214
9.565 11.8324
9.57 11.8434
9.575 11.8545
9.58 11.8655
9.585 11.8765
9.59 11.8876
9.595 11.8986
9.6 11.9097
9.605 11.9207
9.61 11.9318
9.615 11.9428
9.62 11.9539
9.625 11.9649
9.63 11.976
9.635 11.987
9.64 11.9981
9.645 12.0092
9.65 12.0202
9.655 12.0313
9.66 12.0424
9.665 12.0535
9.67 12.0645
9.675 12.0756
9.68 12.0867
9.685 12.0978
9.69 12.1089
9.695 12.12
9.7 12.1311
9.705 12.1422
9.71 12.1533
9.715 12.1644
9.72 12.1755
9.725 12.1866
9.73 12.1977
9.735 12.2088
9.74 12.22
9.745 12.2311
9.75 12.2422
9.755 12.2533
9.76 12.2645
9.765 12.2756
9.77 12.2867
9.775 12.2979
9.78 12.309
9.785 12.3201
9.79 12.3313
9.795 12.3424
9.8 12.3536
9.805 12.3647
9.81 12.3759
9.815 12.3871
9.82 12.3982
9.825 12.4094
9.83 12.4206
9.835 12.4317
9.84 12.4429
9.845 12.4541
9.85 12.4653
9.855 12.4764
9.86 12.4876
9.865 12.4988
9.87 12.51
9.875 12.5212
9.88 12.5324
9.885 12.5436
9.89 12.5548
9.895 12.566
9.9 12.5772
9.905 12.5884
9.91 12.5996
9.915 12.6108
9.92 12.622
9.925 12.6332
9.93 12.6445
9.935 12.6557
9.94 12.6669
9.945 12.6781
9.95 12.6894
9.955 12.7006
9.96 12.7118
9.965 12.7231
9.97 12.7343
9.975 12.7456
9.98 12.7568
9.985 12.7681
9.99 12.7793
9.995 12.7906
10 12.8018
10.005 12.8131
10.01 12.8244
10.015 12.8356
10.02 12.8469
10.025 12.8582
10.03 12.8694
10.035 12.8807
10.04 12.892
10.045 12.9033
10.05 12.9145
10.055 12.9258
10.06 12.9371
10.065 12.9484
10.07 12.9597
10.075 12.971
10.08 12.9823
10.085 12.9936
10.09 13.0049
10.095 13.0162
10.1 13.0275
10.105 13.0388
10.11 13.0502
10.115 13.0615
10.12 13.0728
10.125 13.0841
10.13 13.0954
10.135 13.1068
10.14 13.1181
10.145 13.1294
10.15 13.1408
10.155 13.1521
10.16 13.1634
10.165 13.1748
10.17 13.1861
10.175 13.1975
10.18 13.2088
10.185 13.2202
10.19 13.2315
10.195 13.2429
10.2 13.2543
10.205 13.2656
10.21 13.277
10.215 13.2884
10.22 13.2997
10.225 13.3111
10.23 13.3225
10.235 13.3339
10.24 13.3453
10.245 13.3566
10.25 13.368
10.255 13.3794
10.26 13.3908
10.265 13.4022
10.27 13.4136
10.275 13.425
10.28 13.4364
10.285 13.4478
10.29 13.4592
10.295 13.4706
10.3 13.482
10.305 13.4935
10.31 13.5049
10.315 13.5163
10.32 13.5277
10.325 13.5391
10.33 13.5506
10.335 13.562
10.34 13.5734
10.345 13.5849
10.35 13.5963
10.355 13.6077
10.36 13.6192
10.365 13.6306
10.37 13.6421
10.375 13.6535
10.38 13.665
10.385 13.6764
10.39 13.6879
10.395 13.6994
10.4 13.7108
10.405 13.7223
10.41 13.7338
10.415 13.7452
10.42 13.7567
10.425 13.7682
10.43 13.7797
10.435 13.7911
10.44 13.8026
10.445 13.8141
10.45 13.8256
10.455 13.8371
10.46 13.8486
10.465 13.8601
10.47 13.8716
10.475 13.8831
10.48 13.8946
10.485 13.9061
10.49 13.9176
10.495 13.9291
10.5 13.9406
10.505 13.9521
10.51 13.9637
10.515 13.9752
10.52 13.9867
10.525 13.9982
10.53 14.0098
10.535 14.0213
10.54 14.0328
10.545 14.0444
10.55 14.0559
10.555 14.0674
10.56 14.079
10.565 14.0905
10.57 14.1021
10.575 14.1136
10.58 14.1252
10.585 14.1367
10.59 14.1483
10.595 14.1599
10.6 14.1714
10.605 14.183
10.61 14.1946
10.615 14.2061
10.62 14.2177
10.625 14.2293
10.63 14.2409
10.635 14.2524
10.64 14.264
10.645 14.2756
10.65 14.2872
10.655 14.2988
10.66 14.3104
10.665 14.322
10.67 14.3336
10.675 14.3452
10.68 14.3568
10.685 14.3684
10.69 14.38
10.695 14.3916
10.7 14.4032
10.705 14.4148
10.71 14.4264
10.715 14.4381
10.72 14.4497
10.725 14.4613
10.73 14.4729
10.735 14.4846
10.74 14.4962
10.745 14.5078
10.75 14.5195
10.755 14.5311
10.76 14.5428
10.765 14.5544
10.77 14.566
10.775 14.5777
10.78 14.5893
10.785 14.601
10.79 14.6127
10.795 14.6243
10.8 14.636
10.805 14.6476
10.81 14.6593
10.815 14.671
10.82 14.6826
10.825 14.6943
10.83 14.706
10.835 14.7177
10.84 14.7294
10.845 14.741
10.85 14.7527
10.855 14.7644
10.86 14.7761
10.865 14.7878
10.87 14.7995
10.875 14.8112
10.88 14.8229
10.885 14.8346
10.89 14.8463
10.895 14.858
10.9 14.8697
10.905 14.8814
10.91 14.8931
10.915 14.9049
10.92 14.9166
10.925 14.9283
10.93 14.94
10.935 14.9518
10.94 14.9635
10.945 14.9752
10.95 14.9869
10.955 14.9987
10.96 15.0104
10.965 15.0222
10.97 15.0339
10.975 15.0456
10.98 15.0574
10.985 15.0691
10.99 15.0809
10.995 15.0927
11 15.1044
11.005 15.1162
11.01 15.1279
11.015 15.1397
11.02 15.1515
11.025 15.1632
11.03 15.175
11.035 15.1868
11.04 15.1986
11.045 15.2103
11.05 15.2221
11.055 15.2339
11.06 15.2457
11.065 15.2575
11.07 15.2693
11.075 15.2811
11.08 15.2929
11.085 15.3047
11.09 15.3165
11.095 15.3283
11.1 15.3401
11.105 15.3519
11.11 15.3637
11.115 15.3755
11.12 15.3873
11.125 15.3991
11.13 15.4109
11.135 15.4228
11.14 15.4346
11.145 15.4464
11.15 15.4582
11.155 15.4701
11.16 15.4819
11.165 15.4937
11.17 15.5056
11.175 15.5174
11.18 15.5293
11.185 15.5411
11.19 15.553
11.195 15.5648
11.2 15.5767
11.205 15.5885
11.21 15.6004
11.215 15.6122
11.22 15.6241
11.225 15.6359
11.23 15.6478
11.235 15.6597
11.24 15.6716
11.245 15.6834
11.25 15.6953
11.255 15.7072
11.26 15.7191
11.265 15.7309
11.27 15.7428
11.275 15.7547
11.28 15.7666
11.285 15.7785
11.29 15.7904
11.295 15.8023
11.3 15.8142
11.305 15.8261
11.31 15.838
11.315 15.8499
11.32 15.8618
11.325 15.8737
11.33 15.8856
11.335 15.8975
11.34 15.9095
11.345 15.9214
11.35 15.9333
11.355 15.9452
11.36 15.9571
11.365 15.9691
11.37 15.981
11.375 15.9929
11.38 16.0049
11.385 16.0168
11.39 16.0287
11.395 16.0407
11.4 16.0526
11.405 16.0646
11.41 16.0765
11.415 16.0885
11.42 16.1004
11.425 16.1124
11.43 16.1243
11.435 16.1363
11.44 16.1483
11.445 16.1602
11.45 16.1722
11.455 16.1842
11.46 16.1961
11.465 16.2081
11.47 16.2201
11.475 16.2321
11.48 16.2441
11.485 16.256
11.49 16.268
11.495 16.28
11.5 16.292
11.505 16.304
11.51 16.316
11.515 16.328
11.52 16.34
11.525 16.352
11.53 16.364
11.535 16.376
11.54 16.388
11.545 16.4
11.55 16.412
11.555 16.424
11.56 16.4361
11.565 16.4481
11.57 16.4601
11.575 16.4721
11.58 16.4841
11.585 16.4962
11.59 16.5082
11.595 16.5202
11.6 16.5323
11.605 16.5443
11.61 16.5564
11.615 16.5684
11.62 16.5804
11.625 16.5925
11.63 16.6045
11.635 16.6166
11.64 16.6286
11.645 16.6407
11.65 16.6528
11.655 16.6648
11.66 16.6769
11.665 16.6889
11.67 16.701
11.675 16.7131
11.68 16.7251
11.685 16.7372
11.69 16.7493
11.695 16.7614
11.7 16.7735
11.705 16.7855
11.71 16.7976
11.715 16.8097
11.72 16.8218
11.725 16.8339
11.73 16.846
11.735 16.8581
11.74 16.8702
11.745 16.8823
11.75 16.8944
11.755 16.9065
11.76 16.9186
11.765 16.9307
11.77 16.9428
11.775 16.9549
11.78 16.967
11.785 16.9792
11.79 16.9913
11.795 17.0034
11.8 17.0155
11.805 17.0277
11.81 17.0398
11.815 17.0519
11.82 17.064
11.825 17.0762
11.83 17.0883
11.835 17.1005
11.84 17.1126
11.845 17.1247
11.85 17.1369
11.855 17.149
11.86 17.1612
11.865 17.1733
11.87 17.1855
11.875 17.1977
11.88 17.2098
11.885 17.222
11.89 17.2341
11.895 17.2463
11.9 17.2585
11.905 17.2706
11.91 17.2828
11.915 17.295
11.92 17.3072
11.925 17.3194
11.93 17.3315
11.935 17.3437
11.94 17.3559
11.945 17.3681
11.95 17.3803
11.955 17.3925
11.96 17.4047
11.965 17.4169
11.97 17.4291
11.975 17.4413
11.98 17.4535
11.985 17.4657
11.99 17.4779
11.995 17.4901
12 17.5023
12.005 17.5145
12.01 17.5267
12.015 17.539
12.02 17.5512
12.025 17.5634
12.03 17.5756
12.035 17.5879
12.04 17.6001
12.045 17.6123
12.05 17.6245
12.055 17.6368
12.06 17.649
12.065 17.6613
12.07 17.6735
12.075 17.6858
12.08 17.698
12.085 17.7102
12.09 17.7225
12.095 17.7348
12.1 17.747
12.105 17.7593
12.11 17.7715
12.115 17.7838
12.12 17.7961
12.125 17.8083
12.13 17.8206
12.135 17.8329
12.14 17.8451
12.145 17.8574
12.15 17.8697
12.155 17.882
12.16 17.8942
12.165 17.9065
12.17 17.9188
12.175 17.9311
12.18 17.9434
12.185 17.9557
12.19 17.968
12.195 17.9803
12.2 17.9926
12.205 18.0049
12.21 18.0172
12.215 18.0295
12.22 18.0418
12.225 18.0541
12.23 18.0664
12.235 18.0787
12.24 18.091
12.245 18.1033
12.25 18.1157
12.255 18.128
12.26 18.1403
12.265 18.1526
12.27 18.165
12.275 18.1773
12.28 18.1896
12.285 18.202
12.29 18.2143
12.295 18.2266
12.3 18.239
12.305 18.2513
12.31 18.2637
12.315 18.276
12.32 18.2884
12.325 18.3007
12.33 18.3131
12.335 18.3254
12.34 18.3378
12.345 18.3501
12.35 18.3625
12.355 18.3749
12.36 18.3872
12.365 18.3996
12.37 18.412
12.375 18.4244
12.38 18.4367
12.385 18.4491
12.39 18.4615
12.395 18.4739
12.4 18.4862
12.405 18.4986
12.41 18.511
12.415 18.5234
12.42 18.5358
12.425 18.5482
12.43 18.5606
12.435 18.573
12.44 18.5854
12.445 18.5978
12.45 18.6102
12.455 18.6226
12.46 18.635
12.465 18.6474
12.47 18.6598
12.475 18.6722
12.48 18.6847
12.485 18.6971
12.49 18.7095
12.495 18.7219
12.5 18.7343
12.505 18.7468
12.51 18.7592
12.515 18.7716
12.52 18.7841
12.525 18.7965
12.53 18.8089
12.535 18.8214
12.54 18.8338
12.545 18.8463
12.55 18.8587
12.555 18.8712
12.56 18.8836
12.565 18.8961
12.57 18.9085
12.575 18.921
12.58 18.9334
12.585 18.9459
12.59 18.9584
12.595 18.9708
12.6 18.9833
12.605 18.9958
12.61 19.0082
12.615 19.0207
12.62 19.0332
12.625 19.0456
12.63 19.0581
12.635 19.0706
12.64 19.0831
12.645 19.0956
12.65 19.1081
12.655 19.1205
12.66 19.133
12.665 19.1455
12.67 19.158
12.675 19.1705
12.68 19.183
12.685 19.1955
12.69 19.208
12.695 19.2205
12.7 19.233
12.705 19.2456
12.71 19.2581
12.715 19.2706
12.72 19.2831
12.725 19.2956
12.73 19.3081
12.735 19.3207
12.74 19.3332
12.745 19.3457
12.75 19.3582
12.755 19.3708
12.76 19.3833
12.765 19.3958
12.77 19.4084
12.775 19.4209
12.78 19.4334
12.785 19.446
12.79 19.4585
12.795 19.4711
12.8 19.4836
12.805 19.4962
12.81 19.5087
12.815 19.5213
12.82 19.5338
12.825 19.5464
12.83 19.559
12.835 19.5715
12.84 19.5841
12.845 19.5966
12.85 19.6092
12.855 19.6218
12.86 19.6344
12.865 19.6469
12.87 19.6595
12.875 19.6721
12.88 19.6847
12.885 19.6973
12.89 19.7098
12.895 19.7224
12.9 19.735
12.905 19.7476
12.91 19.7602
12.915 19.7728
12.92 19.7854
12.925 19.798
12.93 19.8106
12.935 19.8232
12.94 19.8358
12.945 19.8484
12.95 19.861
12.955 19.8736
12.96 19.8862
12.965 19.8989
12.97 19.9115
12.975 19.9241
12.98 19.9367
12.985 19.9493
12.99 19.962
12.995 19.9746
13 19.9872
13.005 19.9998
13.01 20.0125
13.015 20.0251
13.02 20.0378
13.025 20.0504
13.03 20.063
13.035 20.0757
13.04 20.0883
13.045 20.101
13.05 20.1136
13.055 20.1263
13.06 20.1389
13.065 20.1516
13.07 20.1642
13.075 20.1769
13.08 20.1895
13.085 20.2022
13.09 20.2149
13.095 20.2275
13.1 20.2402
13.105 20.2529
13.11 20.2656
13.115 20.2782
13.12 20.2909
13.125 20.3036
13.13 20.3163
13.135 20.3289
13.14 20.3416
13.145 20.3543
13.15 20.367
13.155 20.3797
13.16 20.3924
13.165 20.4051
13.17 20.4178
13.175 20.4305
13.18 20.4432
13.185 20.4559
13.19 20.4686
13.195 20.4813
13.2 20.494
13.205 20.5067
13.21 20.5194
13.215 20.5321
13.22 20.5449
13.225 20.5576
13.23 20.5703
13.235 20.583
13.24 20.5957
13.245 20.6085
13.25 20.6212
13.255 20.6339
13.26 20.6467
13.265 20.6594
13.27 20.6721
13.275 20.6849
13.28 20.6976
13.285 20.7103
13.29 20.7231
13.295 20.7358
13.3 20.7486
13.305 20.7613
13.31 20.7741
13.315 20.7868
13.32 20.7996
13.325 20.8123
13.33 20.8251
13.335 20.8379
13.34 20.8506
13.345 20.8634
13.35 20.8762
13.355 20.8889
13.36 20.9017
13.365 20.9145
13.37 20.9273
13.375 20.94
13.38 20.9528
13.385 20.9656
13.39 20.9784
13.395 20.9912
13.4 21.0039
13.405 21.0167
13.41 21.0295
13.415 21.0423
13.42 21.0551
13.425 21.0679
13.43 21.0807
13.435 21.0935
13.44 21.1063
13.445 21.1191
13.45 21.1319
13.455 21.1447
13.46 21.1575
13.465 21.1703
13.47 21.1832
13.475 21.196
13.48 21.2088
13.485 21.2216
13.49 21.2344
13.495 21.2473
13.5 21.2601
13.505 21.2729
13.51 21.2857
13.515 21.2986
13.52 21.3114
13.525 21.3242
13.53 21.3371
13.535 21.3499
13.54 21.3627
13.545 21.3756
13.55 21.3884
13.555 21.4013
13.56 21.4141
13.565 21.427
13.57 21.4398
13.575 21.4527
13.58 21.4655
13.585 21.4784
13.59 21.4913
13.595 21.5041
13.6 21.517
13.605 21.5298
13.61 21.5427
13.615 21.5556
13.62 21.5685
13.625 21.5813
13.63 21.5942
13.635 21.6071
13.64 21.62
13.645 21.6328
13.65 21.6457
13.655 21.6586
13.66 21.6715
13.665 21.6844
13.67 21.6973
13.675 21.7102
13.68 21.7231
13.685 21.7359
13.69 21.7488
13.695 21.7617
13.7 21.7746
13.705 21.7875
13.71 21.8005
13.715 21.8134
13.72 21.8263
13.725 21.8392
13.73 21.8521
13.735 21.865
13.74 21.8779
13.745 21.8908
13.75 21.9038
13.755 21.9167
13.76 21.9296
13.765 21.9425
13.77 21.9555
13.775 21.9684
13.78 21.9813
13.785 21.9943
13.79 22.0072
13.795 22.0201
13.8 22.0331
13.805 22.046
13.81 22.059
13.815 22.0719
13.82 22.0848
13.825 22.0978
13.83 22.1107
13.835 22.1237
13.84 22.1366
13.845 22.1496
13.85 22.1626
13.855 22.1755
13.86 22.1885
13.865 22.2014
13.87 22.2144
13.875 22.2274
13.88 22.2403
13.885 22.2533
13.89 22.2663
13.895 22.2793
13.9 22.2922
13.905 22.3052
13.91 22.3182
13.915 22.3312
13.92 22.3442
13.925 22.3572
13.93 22.3701
13.935 22.3831
13.94 22.3961
13.945 22.4091
13.95 22.4221
13.955 22.4351
13.96 22.4481
13.965 22.4611
13.97 22.4741
13.975 22.4871
13.98 22.5001
13.985 22.5131
13.99 22.5261
13.995 22.5392
14 22.5522
14.005 22.5652
14.01 22.5782
14.015 22.5912
14.02 22.6042
14.025 22.6173
14.03 22.6303
14.035 22.6433
14.04 22.6563
14.045 22.6694
14.05 22.6824
14.055 22.6954
14.06 22.7085
14.065 22.7215
14.07 22.7345
14.075 22.7476
14.08 22.7606
14.085 22.7737
14.09 22.7867
14.095 22.7998
14.1 22.8128
14.105 22.8259
14.11 22.8389
14.115 22.852
14.12 22.865
14.125 22.8781
14.13 22.8912
14.135 22.9042
14.14 22.9173
14.145 22.9304
14.15 22.9434
14.155 22.9565
14.16 22.9696
14.165 22.9826
14.17 22.9957
14.175 23.0088
14.18 23.0219
14.185 23.035
14.19 23.048
14.195 23.0611
14.2 23.0742
14.205 23.0873
14.21 23.1004
14.215 23.1135
14.22 23.1266
14.225 23.1397
14.23 23.1528
14.235 23.1659
14.24 23.179
14.245 23.1921
14.25 23.2052
14.255 23.2183
14.26 23.2314
14.265 23.2445
14.27 23.2576
14.275 23.2707
14.28 23.2839
14.285 23.297
14.29 23.3101
14.295 23.3232
14.3 23.3363
14.305 23.3495
14.31 23.3626
14.315 23.3757
14.32 23.3889
14.325 23.402
14.33 23.4151
14.335 23.4283
14.34 23.4414
14.345 23.4545
14.35 23.4677
14.355 23.4808
14.36 23.494
14.365 23.5071
14.37 23.5203
14.375 23.5334
14.38 23.5466
14.385 23.5597
14.39 23.5729
14.395 23.586
14.4 23.5992
14.405 23.6124
14.41 23.6255
14.415 23.6387
14.42 23.6519
14.425 23.665
14.43 23.6782
14.435 23.6914
14.44 23.7045
14.445 23.7177
14.45 23.7309
14.455 23.7441
14.46 23.7573
14.465 23.7704
14.47 23.7836
14.475 23.7968
14.48 23.81
14.485 23.8232
14.49 23.8364
14.495 23.8496
14.5 23.8628
14.505 23.876
14.51 23.8892
14.515 23.9024
14.52 23.9156
14.525 23.9288
14.53 23.942
14.535 23.9552
14.54 23.9684
14.545 23.9816
14.55 23.9948
14.555 24.008
14.56 24.0213
14.565 24.0345
14.57 24.0477
14.575 24.0609
14.58 24.0741
14.585 24.0874
14.59 24.1006
14.595 24.1138
14.6 24.127
14.605 24.1403
14.61 24.1535
14.615 24.1668
14.62 24.18
14.625 24.1932
14.63 24.2065
14.635 24.2197
14.64 24.233
14.645 24.2462
14.65 24.2595
14.655 24.2727
14.66 24.286
14.665 24.2992
14.67 24.3125
14.675 24.3257
14.68 24.339
14.685 24.3522
14.69 24.3655
14.695 24.3788
14.7 24.392
14.705 24.4053
14.71 24.4186
14.715 24.4319
14.72 24.4451
14.725 24.4584
14.73 24.4717
14.735 24.485
14.74 24.4982
14.745 24.5115
14.75 24.5248
14.755 24.5381
14.76 24.5514
14.765 24.5647
14.77 24.578
14.775 24.5912
14.78 24.6045
14.785 24.6178
14.79 24.6311
14.795 24.6444
14.8 24.6577
14.805 24.671
14.81 24.6843
14.815 24.6977
14.82 24.711
14.825 24.7243
14.83 24.7376
14.835 24.7509
14.84 24.7642
14.845 24.7775
14.85 24.7908
14.855 24.8042
14.86 24.8175
14.865 24.8308
14.87 24.8441
14.875 24.8575
14.88 24.8708
14.885 24.8841
14.89 24.8975
14.895 24.9108
14.9 24.9241
14.905 24.9375
14.91 24.9508
14.915 24.9642
14.92 24.9775
14.925 24.9908
14.93 25.0042
14.935 25.0175
14.94 25.0309
14.945 25.0442
14.95 25.0576
14.955 25.0709
14.96 25.0843
14.965 25.0977
14.97 25.111
14.975 25.1244
14.98 25.1377
14.985 25.1511
14.99 25.1645
14.995 25.1779


1 0
2 0
3 0.693147
4 1.79176
5 3.17805
6 4.78749
7 6.57925
8 8.52516
9 10.6046
10 12.8018
11 15.1044
12 17.5023
13 19.9872
14 22.5522
15 25.1912


