0 1 0 -0.0721751 0
0.05 0.995422 0.0498936 -0.110927 -0.00332782
0.1 0.988907 0.09951 -0.14968 -0.0060969
0.15 0.980454 0.148752 -0.188432 -0.0083166
0.2 0.970064 0.197523 -0.227184 -0.0100025
0.25 0.957736 0.245726 -0.265936 -0.0111764
0.3 0.94347 0.293264 -0.304689 -0.011866
0.35 0.927267 0.340041 -0.343441 -0.0121055
0.4 0.909126 0.385959 -0.382193 -0.0119346
0.45 0.889048 0.430921 -0.420945 -0.0113992
0.5 0.867032 0.474831 -0.459698 -0.0105508
0.55 0.843078 0.517592 -0.49845 -0.00944641
0.6 0.817187 0.559107 -0.537202 -0.00814881
0.65 0.789358 0.599279 -0.575954 -0.00672591
0.7 0.759591 0.63801 -0.614707 -0.00525083
0.75 0.727887 0.675205 -0.653459 -0.00380165
0.8 0.694245 0.710767 -0.692211 -0.00246125
0.85 0.658666 0.744598 -0.730964 -0.00131705
0.9 0.621149 0.776601 -0.769716 -0.000460858
0.95 0.581695 0.80668 -0.808468 1.14249e-05
1 0.540302 0.834738 -0.84722 0
1.05 0.497668 0.86069 -0.858143 9.71708e-05
1.1 0.454488 0.884496 -0.869066 0.000891866
1.15 0.410762 0.906129 -0.879989 0.00227417
1.2 0.366489 0.925563 -0.890912 0.00413134
1.25 0.32167 0.942769 -0.901835 0.00634807
1.3 0.276306 0.957721 -0.912758 0.00880679
1.35 0.230395 0.970391 -0.92368 0.011388
1.4 0.183938 0.980751 -0.934603 0.0139704
1.45 0.136934 0.988775 -0.945526 0.0164316
1.5 0.0893849 0.994436 -0.956449 0.0186477
1.55 0.0412894 0.997705 -0.967372 0.0204946
1.6 -0.00735226 0.998556 -0.978295 0.0218473
1.65 -0.0565401 0.99696 -0.989218 0.0225808
1.7 -0.106274 0.992892 -1.00014 0.0225705
1.75 -0.156554 0.986324 -1.01106 0.0216919
1.8 -0.20738 0.977228 -1.02199 0.0198217
1.85 -0.258753 0.965577 -1.03291 0.0168375
1.9 -0.310671 0.951343 -1.04383 0.0126182
1.95 -0.363136 0.934501 -1.05476 0.00704482
2 -0.416147 0.915021 -1.06568 -1.66533e-16
2.05 -0.468201 0.892902 -1.01649 -0.00712846
2.1 -0.517796 0.868242 -0.967312 -0.0129502
2.15 -0.564932 0.841163 -0.918128 -0.0175746
2.2 -0.609609 0.811789 -0.868945 -0.021108
2.25 -0.651827 0.780243 -0.819762 -0.0236532
2.3 -0.691585 0.746648 -0.770579 -0.0253093
2.35 -0.728885 0.711126 -0.721395 -0.0261716
2.4 -0.763725 0.6738 -0.672212 -0.0263311
2.45 -0.796106 0.634794 -0.623029 -0.0258746
2.5 -0.826028 0.594231 -0.573846 -0.0248841
2.55 -0.85349 0.552232 -0.524662 -0.0234369
2.6 -0.878494 0.508923 -0.475479 -0.0216052
2.65 -0.901038 0.464424 -0.426296 -0.0194562
2.7 -0.921124 0.41886 -0.377113 -0.0170514
2.75 -0.93875 0.372353 -0.327929 -0.0144473
2.8 -0.953917 0.325026 -0.278746 -0.0116942
2.85 -0.966624 0.277002 -0.229563 -0.00883703
2.9 -0.976873 0.228404 -0.18038 -0.00591467
2.95 -0.984662 0.179356 -0.131197 -0.00296005
3 -0.989992 0.129979 -0.0820133 -1.11022e-16
3.05 -0.993047 0.0803944 -0.0401771 0.00276107
3.1 -0.99401 0.0307092 0.00165911 0.00512494
3.15 -0.992881 -0.0189718 0.0434953 0.00708331
3.2 -0.989661 -0.0685441 0.0853315 0.0086341
3.25 -0.984348 -0.117903 0.127168 0.00978148
3.3 -0.976944 -0.166944 0.169004 0.0105359
3.35 -0.967448 -0.215563 0.21084 0.0109139
3.4 -0.95586 -0.263654 0.252676 0.0109383
3.45 -0.94218 -0.311114 0.294513 0.0106381
3.5 -0.926409 -0.357837 0.336349 0.0100481
3.55 -0.908545 -0.40372 0.378185 0.00920924
3.6 -0.88859 -0.448657 0.420021 0.00816831
3.65 -0.866543 -0.492544 0.461858 0.00697777
3.7 -0.842404 -0.535276 0.503694 0.00569568
3.75 -0.816174 -0.576749 0.54553 0.0043856
3.8 -0.787851 -0.616859 0.587366 0.00311636
3.85 -0.757437 -0.6555 0.629202 0.00196192
3.9 -0.724931 -0.692568 0.671039 0.0010012
3.95 -0.690333 -0.727958 0.712875 0.000317827
4 -0.653644 -0.761566 0.754711 -1.11022e-16
4.05 -0.615452 -0.793297 0.772971 -0.000449203
4.1 -0.576347 -0.823096 0.79123 -0.00152262
4.15 -0.536329 -0.850917 0.80949 -0.00311982
4.2 -0.495398 -0.876714 0.827749 -0.00513679
4.25 -0.453554 -0.900441 0.846008 -0.00746619
4.3 -0.410797 -0.922054 0.864268 -0.0099976
4.35 -0.367127 -0.941506 0.882527 -0.0126178
4.4 -0.322544 -0.958751 0.900787 -0.0152112
4.45 -0.277048 -0.973745 0.919046 -0.0176597
4.5 -0.230639 -0.986441 0.937306 -0.0198436
4.55 -0.183318 -0.996794 0.955565 -0.0216414
4.6 -0.135083 -1.00476 0.973825 -0.0229303
4.65 -0.0859351 -1.01029 0.992084 -0.0235866
4.7 -0.0358744 -1.01334 1.01034 -0.0234858
4.75 0.0150992 -1.01386 1.0286 -0.0225029
4.8 0.0669859 -1.01181 1.04686 -0.0205131
4.85 0.119785 -1.00715 1.06512 -0.0173916
4.9 0.173498 -0.999817 1.08338 -0.0130143
4.95 0.228124 -0.98978 1.10164 -0.0072578
5 0.283662 -0.976989 1.1199 -1.4988e-15
5.05 0.338549 -0.961425 1.07556 0.00731481
5.1 0.391218 -0.943171 1.03122 0.0132406
5.15 0.441671 -0.92234 0.986883 0.0178941
5.2 0.489907 -0.899041 0.942544 0.0213899
5.25 0.535925 -0.873386 0.898204 0.0238398
5.3 0.579727 -0.845486 0.853865 0.0253527
5.35 0.621312 -0.81545 0.809526 0.0260342
5.4 0.66068 -0.783391 0.765187 0.0259867
5.45 0.69783 -0.749419 0.720847 0.0253087
5.5 0.732764 -0.713645 0.676508 0.0240946
5.55 0.765481 -0.67618 0.632169 0.0224348
5.6 0.795981 -0.637134 0.58783 0.0204153
5.65 0.824264 -0.596619 0.54349 0.0181174
5.7 0.85033 -0.554745 0.499151 0.0156175
5.75 0.874179 -0.511623 0.454812 0.0129869
5.8 0.895811 -0.467364 0.410473 0.0102919
5.85 0.915227 -0.422078 0.366133 0.00759333
5.9 0.932425 -0.375878 0.321794 0.00494636
5.95 0.947406 -0.328873 0.277455 0.00240065
6 0.96017 -0.281174 0.233116 4.44089e-16
6.05 0.970728 -0.232893 0.189177 -0.00220767
6.1 0.979088 -0.184138 0.145239 -0.00418042
6.15 0.985252 -0.13502 0.101301 -0.00589243
6.2 0.989218 -0.0856495 0.0573622 -0.00732402
6.25 0.990988 -0.0361352 0.0134238 -0.00846169
6.3 0.99056 0.0134126 -0.0305145 -0.00929818
6.35 0.987936 0.0628842 -0.0744529 -0.00983246
6.4 0.983115 0.11217 -0.118391 -0.0100698
6.45 0.976097 0.161159 -0.16233 -0.0100215
6.5 0.966882 0.209743 -0.206268 -0.00970543
6.55 0.95547 0.257811 -0.250206 -0.00914529
6.6 0.941862 0.305253 -0.294145 -0.00837103
6.65 0.926056 0.35196 -0.338083 -0.00741861
6.7 0.908053 0.397822 -0.382022 -0.00632991
6.75 0.887854 0.442729 -0.42596 -0.00515264
6.8 0.865457 0.486571 -0.469898 -0.00394024
6.85 0.840864 0.529238 -0.513837 -0.00275171
6.9 0.814074 0.570621 -0.557775 -0.00165151
6.95 0.785086 0.610609 -0.601713 -0.000709335
7 0.753902 0.649093 -0.645652 -1.11022e-16
7.05 0.720985 0.68597 -0.671027 0.000860862
7.1 0.6868 0.72117 -0.696402 0.00225291
7.15 0.651345 0.754629 -0.721777 0.00408721
7.2 0.614622 0.786283 -0.747152 0.00627057
7.25 0.57663 0.81607 -0.772527 0.00870574
7.3 0.537369 0.843925 -0.797902 0.0112917
7.35 0.49684 0.869786 -0.823277 0.0139238
7.4 0.455041 0.893588 -0.848652 0.0164941
7.45 0.411974 0.915269 -0.874027 0.0188919
7.5 0.367639 0.934764 -0.899402 0.0210034
7.55 0.322034 0.952012 -0.924777 0.0227126
7.6 0.275161 0.966947 -0.950152 0.0239012
7.65 0.227019 0.979506 -0.975527 0.024449
7.7 0.177608 0.989627 -1.0009 0.0242344
7.75 0.126929 0.997246 -1.02628 0.0231344
7.8 0.0749805 1.0023 -1.05165 0.0210251
7.85 0.0217635 1.00472 -1.07703 0.0177819
7.9 -0.0327223 1.00445 -1.1024 0.0132799
7.95 -0.0884768 1.00143 -1.12778 0.00739412
8 -0.1455 0.995586 -1.15315 3.30291e-15
8.05 -0.202189 0.986885 -1.1144 -0.00742337
8.1 -0.25694 0.975399 -1.07565 -0.0133959
8.15 -0.309754 0.961224 -1.0369 -0.0180396
8.2 -0.36063 0.944456 -0.998144 -0.0214748
8.25 -0.409568 0.925193 -0.959392 -0.0238201
8.3 -0.456569 0.903531 -0.920639 -0.025192
8.35 -0.501632 0.879568 -0.881887 -0.0257045
8.4 -0.544758 0.8534 -0.843135 -0.0254689
8.45 -0.585945 0.825125 -0.804382 -0.0245937
8.5 -0.625196 0.794838 -0.76563 -0.0231839
8.55 -0.662509 0.762638 -0.726878 -0.0213412
8.6 -0.697884 0.72862 -0.688126 -0.0191635
8.65 -0.731321 0.692881 -0.649373 -0.0167447
8.7 -0.762821 0.65552 -0.610621 -0.0141743
8.75 -0.792383 0.616632 -0.571869 -0.0115375
8.8 -0.820008 0.576314 -0.533117 -0.00891482
8.85 -0.845695 0.534663 -0.494364 -0.00638183
8.9 -0.869444 0.491777 -0.455612 -0.00400906
8.95 -0.891256 0.447751 -0.41686 -0.00186183
9 -0.91113 0.402683 -0.378108 -1.11022e-16
