0 1 0 -0.313431 0
0.05 0.98431 0.049608 -0.314528 -0.0144401
0.1 0.968511 0.0984292 -0.317819 -0.0264935
0.15 0.952492 0.146455 -0.323304 -0.0362794
0.2 0.936144 0.193673 -0.330983 -0.0439229
0.25 0.919357 0.240062 -0.340856 -0.0495556
0.3 0.902022 0.285599 -0.352923 -0.053315
0.35 0.884028 0.330254 -0.367184 -0.0553447
0.4 0.865267 0.373989 -0.383639 -0.0557945
0.45 0.845628 0.416766 -0.402288 -0.0548196
0.5 0.825001 0.458536 -0.423131 -0.0525814
0.55 0.803278 0.499247 -0.446168 -0.0492467
0.6 0.780348 0.538843 -0.471399 -0.0449878
0.65 0.756101 0.57726 -0.498824 -0.0399824
0.7 0.730429 0.61443 -0.528443 -0.0344134
0.75 0.70322 0.650278 -0.560256 -0.0284684
0.8 0.674367 0.684724 -0.594263 -0.02234
0.85 0.643758 0.717685 -0.630464 -0.0162255
0.9 0.611284 0.749069 -0.668859 -0.0103263
0.95 0.576835 0.77878 -0.709448 -0.00484794
1 0.540302 0.806718 -0.752231 0
1.05 0.501623 0.832775 -0.794352 0.00405202
1.1 0.460926 0.856847 -0.832954 0.00732965
1.15 0.418386 0.878837 -0.868037 0.00989891
1.2 0.374181 0.898657 -0.899601 0.011823
1.25 0.328485 0.91623 -0.927647 0.0131625
1.3 0.281475 0.931484 -0.952174 0.0139758
1.35 0.233326 0.944358 -0.973182 0.0143194
1.4 0.184215 0.954801 -0.990672 0.0142479
1.45 0.134318 0.962767 -1.00464 0.0138148
1.5 0.0838095 0.968222 -1.01509 0.0130723
1.55 0.0328667 0.97114 -1.02203 0.0120719
1.6 -0.0183347 0.971504 -1.02544 0.0108648
1.65 -0.0696189 0.969306 -1.02534 0.00950202
1.7 -0.12081 0.964544 -1.02172 0.00803461
1.75 -0.171732 0.957229 -1.01457 0.00651427
1.8 -0.222209 0.947378 -1.00391 0.00499345
1.85 -0.272065 0.935019 -0.989735 0.00352574
1.9 -0.321123 0.920185 -0.972037 0.00216611
1.95 -0.36921 0.902922 -0.95082 0.000971288
2 -0.416147 0.883283 -0.926085 -5.55112e-17
2.05 -0.461778 0.86133 -0.898936 -0.000705119
2.1 -0.506019 0.837129 -0.870477 -0.00117248
2.15 -0.548804 0.810752 -0.840709 -0.00144602
2.2 -0.590068 0.782274 -0.809631 -0.00156653
2.25 -0.629745 0.751772 -0.777244 -0.00157137
2.3 -0.66777 0.719327 -0.743548 -0.00149424
2.35 -0.704078 0.685023 -0.708542 -0.00136491
2.4 -0.738603 0.648949 -0.672227 -0.00120897
2.45 -0.771279 0.611194 -0.634603 -0.00104764
2.5 -0.802041 0.571853 -0.595669 -0.000897526
2.55 -0.830824 0.531023 -0.555426 -0.000770426
2.6 -0.857562 0.488804 -0.513873 -0.000673129
2.65 -0.882189 0.445302 -0.471011 -0.000607238
2.7 -0.904641 0.400622 -0.426839 -0.000569005
2.75 -0.924852 0.354875 -0.381359 -0.000549172
2.8 -0.942755 0.308175 -0.334568 -0.000532836
2.85 -0.958287 0.260639 -0.286469 -0.000499316
2.9 -0.97138 0.212387 -0.23706 -0.000422047
2.95 -0.981971 0.163543 -0.186341 -0.00026848
3 -0.989992 0.114233 -0.134313 0
3.05 -0.995398 0.0645871 -0.0820519 0.00041021
3.1 -0.998212 0.0147361 -0.030633 0.000923424
3.15 -0.998475 -0.0351916 0.0199434 0.0014892
3.2 -0.996231 -0.0850696 0.0696774 0.00206335
3.25 -0.991522 -0.134774 0.118569 0.00260792
3.3 -0.984389 -0.184181 0.166618 0.00309119
3.35 -0.974874 -0.233173 0.213825 0.00348768
3.4 -0.96302 -0.28163 0.260189 0.00377803
3.45 -0.948869 -0.329437 0.30571 0.00394905
3.5 -0.932463 -0.376479 0.35039 0.00399353
3.55 -0.913844 -0.422646 0.394227 0.00391027
3.6 -0.893055 -0.467827 0.437221 0.00370388
3.65 -0.870136 -0.511916 0.479373 0.00338471
3.7 -0.845131 -0.554806 0.520682 0.00296873
3.75 -0.818082 -0.596395 0.561149 0.00247736
3.8 -0.78903 -0.636581 0.600774 0.0019373
3.85 -0.758019 -0.675265 0.639556 0.0013804
3.9 -0.725089 -0.712351 0.677496 0.000843445
3.95 -0.690283 -0.747743 0.714593 0.000367957
4 -0.653644 -0.781349 0.750848 -2.22045e-16
4.05 -0.615227 -0.813078 0.785392 -0.000224514
4.1 -0.575147 -0.842844 0.817358 -0.000323445
4.15 -0.533534 -0.870567 0.846746 -0.000325277
4.2 -0.490516 -0.896174 0.873556 -0.000254899
4.25 -0.446221 -0.919597 0.897788 -0.000133873
4.3 -0.40078 -0.940777 0.919442 1.93044e-05
4.35 -0.35432 -0.959658 0.938517 0.000188922
4.4 -0.306971 -0.976194 0.955015 0.000361774
4.45 -0.258862 -0.990343 0.968934 0.000526869
4.5 -0.210121 -1.00207 0.980275 0.000675133
4.55 -0.160877 -1.01135 0.989038 0.000799117
4.6 -0.11126 -1.01815 0.995223 0.000892686
4.65 -0.0613978 -1.02247 0.998829 0.000950716
4.7 -0.0114199 -1.02429 0.999858 0.000968782
4.75 0.038545 -1.02361 0.998308 0.000942852
4.8 0.088368 -1.02044 0.99418 0.000868968
4.85 0.13792 -1.01478 0.987474 0.000742938
4.9 0.187072 -1.00665 0.97819 0.000560024
4.95 0.235696 -0.99608 0.966328 0.000314632
5 0.283662 -0.983093 0.951887 1.66533e-16
5.05 0.330849 -0.967727 0.935272 -0.000385378
5.1 0.37716 -0.950022 0.916885 -0.000817885
5.15 0.422508 -0.930027 0.896728 -0.00126925
5.2 0.466803 -0.907789 0.874799 -0.00171355
5.25 0.509958 -0.883365 0.851099 -0.00212754
5.3 0.551883 -0.856814 0.825627 -0.00249087
5.35 0.592491 -0.828199 0.798385 -0.00278641
5.4 0.631692 -0.797588 0.769371 -0.00300048
5.45 0.669399 -0.765055 0.738585 -0.00312313
5.5 0.705521 -0.730675 0.706029 -0.00314836
5.55 0.739972 -0.69453 0.671701 -0.00307439
5.6 0.772662 -0.656707 0.635602 -0.00290386
5.65 0.803503 -0.617295 0.597732 -0.00264405
5.7 0.832406 -0.576389 0.558091 -0.00230708
5.75 0.859282 -0.534088 0.516678 -0.00191011
5.8 0.884044 -0.490496 0.473494 -0.00147553
5.85 0.906602 -0.44572 0.428539 -0.0010311
5.9 0.926868 -0.399874 0.381812 -0.000610088
5.95 0.944754 -0.353073 0.333315 -0.000251472
6 0.96017 -0.30544 0.283046 -1.11022e-16
6.05 0.973046 -0.257099 0.232058 0.000111208
6.1 0.983382 -0.208177 0.181403 0.000113192
6.15 0.991192 -0.158803 0.131083 4.84544e-05
6.2 0.996495 -0.1091 0.0810952 -4.66463e-05
6.25 0.999307 -0.0591945 0.0314413 -0.000141943
6.3 0.999645 -0.00921046 -0.0178791 -0.000213496
6.35 0.997525 0.040729 -0.0668661 -0.000243608
6.4 0.992964 0.0905014 -0.11552 -0.000220828
6.45 0.985979 0.139985 -0.16384 -0.00013994
6.5 0.976586 0.189059 -0.211826 -1.93081e-06
6.55 0.964802 0.237604 -0.259479 0.00018605
6.6 0.950643 0.2855 -0.306799 0.000410753
6.65 0.934127 0.332629 -0.353785 0.000652903
6.7 0.91527 0.378873 -0.400437 0.000887286
6.75 0.894089 0.424117 -0.446756 0.00108286
6.8 0.8706 0.468244 -0.492742 0.00120286
6.85 0.844821 0.511139 -0.538394 0.00120496
6.9 0.816766 0.552688 -0.583713 0.0010414
6.95 0.786455 0.592778 -0.628698 0.000659119
7 0.753902 0.631296 -0.67335 2.22045e-16
7.05 0.71915 0.668131 -0.716194 -0.000974433
7.1 0.682338 0.703177 -0.755756 -0.00220908
7.15 0.643629 0.736334 -0.792036 -0.00362877
7.2 0.603189 0.767511 -0.825034 -0.00516261
7.25 0.56118 0.796626 -0.85475 -0.00674374
7.3 0.517768 0.823606 -0.881184 -0.00830912
7.35 0.473117 0.848382 -0.904337 -0.00979924
7.4 0.427389 0.870899 -0.924207 -0.0111579
7.45 0.380751 0.891106 -0.940795 -0.0123319
7.5 0.333365 0.908962 -0.954102 -0.0132707
7.55 0.285395 0.924433 -0.964126 -0.0139264
7.6 0.237007 0.937494 -0.970868 -0.0142531
7.65 0.188363 0.948129 -0.974329 -0.0142069
7.7 0.139629 0.956329 -0.974508 -0.0137453
7.75 0.0909671 0.962093 -0.971404 -0.0128273
7.8 0.0425428 0.96543 -0.965019 -0.0114126
7.85 -0.00548011 0.966354 -0.955351 -0.00946174
7.9 -0.0529376 0.964891 -0.942402 -0.0069355
7.95 -0.0996656 0.961073 -0.926171 -0.00379474
8 -0.1455 0.95494 -0.906658 -1.72085e-15
8.05 -0.190313 0.94654 -0.886033 0.00445261
8.1 -0.234121 0.935925 -0.866465 0.00942323
8.15 -0.276977 0.923144 -0.847955 0.0147371
8.2 -0.318934 0.908242 -0.830503 0.0202208
8.25 -0.360045 0.891264 -0.814108 0.025703
8.3 -0.400363 0.872251 -0.798772 0.0310143
8.35 -0.43994 0.851241 -0.784493 0.0359878
8.4 -0.478829 0.828269 -0.771271 0.0404592
8.45 -0.517084 0.803368 -0.759108 0.0442673
8.5 -0.554758 0.77657 -0.748002 0.0472541
8.55 -0.591902 0.747901 -0.737954 0.049265
8.6 -0.628571 0.717388 -0.728963 0.0501492
8.65 -0.664816 0.685051 -0.72103 0.0497601
8.7 -0.700691 0.650912 -0.714155 0.0479552
8.75 -0.736249 0.614987 -0.708338 0.0445963
8.8 -0.771543 0.577292 -0.703578 0.0395501
8.85 -0.806625 0.537837 -0.699876 0.0326882
8.9 -0.841548 0.496632 -0.697232 0.0238871
8.95 -0.876366 0.453684 -0.695645 0.0130286
9 -0.91113 0.408996 -0.695116 2.10942e-15
