# X   ANN_y   Exact_y   ANN_dy   Exact_dy   ANN_d2y   Exact_d2y   ANN_Integral   Exact_Integral
-1 0.353163 0.353227 0.198094 0.192498 -10.3151 -10.18 0 0
-0.993311 0.354255 0.354285 0.128146 0.123416 -10.5975 -10.4736 0.00236621 0.00236652
-0.986622 0.354873 0.354874 0.0563442 0.0524067 -10.8697 -10.7565 0.00473814 0.00473855
-0.979933 0.355005 0.354982 -0.0172432 -0.0204585 -11.1311 -11.0282 0.00711259 0.00711292
-0.973244 0.354639 0.354596 -0.0925405 -0.0951009 -11.3808 -11.2878 0.00948626 0.00948636
-0.966555 0.353763 0.353705 -0.169468 -0.171438 -11.6183 -11.5346 0.0118558 0.0118556
-0.959866 0.352368 0.352299 -0.247939 -0.24938 -11.8426 -11.7679 0.0142177 0.0142171
-0.953177 0.350443 0.350366 -0.327866 -0.328836 -12.0532 -11.9869 0.0165686 0.0165674
-0.946488 0.347979 0.347897 -0.409154 -0.409707 -12.2492 -12.191 0.0189047 0.018903
-0.939799 0.344967 0.344882 -0.491702 -0.491891 -12.4301 -12.3794 0.0212226 0.0212203
-0.93311 0.341398 0.341313 -0.575407 -0.575281 -12.5951 -12.5514 0.0235184 0.0235156
-0.926421 0.337267 0.337183 -0.660161 -0.659765 -12.7435 -12.7064 0.0257885 0.0257851
-0.919732 0.332565 0.332485 -0.74585 -0.745227 -12.8747 -12.8437 0.0280291 0.0280252
-0.913043 0.327287 0.327212 -0.832358 -0.831546 -12.988 -12.9628 0.0302363 0.0302318
-0.906355 0.321428 0.321359 -0.919562 -0.9186 -13.083 -13.063 0.0324062 0.0324013
-0.899666 0.314984 0.314922 -1.00734 -1.00626 -13.1588 -13.1437 0.034535 0.0345296
-0.892977 0.307951 0.307896 -1.09556 -1.09439 -13.2151 -13.2043 0.0366187 0.036613
-0.886288 0.300327 0.30028 -1.18408 -1.18286 -13.2512 -13.2445 0.0386534 0.0386473
-0.879599 0.29211 0.292072 -1.27278 -1.27153 -13.2667 -13.2636 0.0406352 0.0406288
-0.87291 0.2833 0.28327 -1.36152 -1.36025 -13.2611 -13.2612 0.0425599 0.0425533
-0.866221 0.273896 0.273875 -1.45014 -1.44888 -13.2339 -13.2368 0.0444238 0.044417
-0.859532 0.2639 0.263887 -1.53851 -1.53728 -13.1847 -13.1902 0.0462228 0.0462159
-0.852843 0.253315 0.25331 -1.62648 -1.62529 -13.1132 -13.1208 0.0479529 0.047946
-0.846154 0.242143 0.242145 -1.71389 -1.71276 -13.019 -13.0284 0.0496103 0.0496033
-0.839465 0.230388 0.230398 -1.80059 -1.79953 -12.9018 -12.9128 0.051191 0.0511841
-0.832776 0.218056 0.218073 -1.88644 -1.88545 -12.7613 -12.7736 0.0526911 0.0526843
-0.826087 0.205154 0.205177 -1.97126 -1.97036 -12.5973 -12.6106 0.0541068 0.0541002
-0.819398 0.191688 0.191716 -2.05491 -2.0541 -12.4097 -12.4237 0.0554344 0.0554279
-0.812709 0.177666 0.1777 -2.13722 -2.13651 -12.1983 -12.2128 0.05667 0.0566637
-0.80602 0.163099 0.163138 -2.21804 -2.21743 -11.9629 -11.9778 0.05781 0.0578039
-0.799331 0.147997 0.148039 -2.29721 -2.2967 -11.7037 -11.7187 0.0588507 0.0588449
-0.792642 0.132371 0.132417 -2.37456 -2.37415 -11.4205 -11.4354 0.0597887 0.0597832
-0.785953 0.116235 0.116282 -2.44994 -2.44963 -11.1134 -11.1281 0.0606204 0.0606153
-0.779264 0.0996011 0.0996505 -2.52318 -2.52297 -10.7825 -10.7969 0.0613426 0.0613377
-0.772575 0.082485 0.0825355 -2.59413 -2.59401 -10.4279 -10.4418 0.0619518 0.0619473
-0.765886 0.0649024 0.0649534 -2.66263 -2.66261 -10.0498 -10.0632 0.062445 0.0624408
-0.759197 0.0468703 0.0469212 -2.72853 -2.72859 -9.64858 -9.66119 0.0628191 0.0628152
-0.752508 0.0284065 0.0284568 -2.79166 -2.7918 -9.22437 -9.2362 0.0630711 0.0630676
-0.745819 0.00953015 0.00957921 -2.85188 -2.8521 -8.77756 -8.78855 0.0631982 0.063195
-0.73913 -0.00973888 -0.00969151 -2.90904 -2.90932 -8.30855 -8.31863 0.0631977 0.0631948
-0.732441 -0.0293796 -0.0293343 -2.96298 -2.96333 -7.81777 -7.8269 0.0630671 0.0630645
-0.725753 -0.04937 -0.0493273 -3.01357 -3.01398 -7.30571 -7.31386 0.0628039 0.0628016
-0.719064 -0.0696871 -0.0696474 -3.06067 -3.06113 -6.77292 -6.78007 0.0624059 0.0624039
-0.712375 -0.0903073 -0.0902708 -3.10414 -3.10464 -6.21998 -6.22612 0.0618709 0.0618692
-0.705686 -0.111206 -0.111173 -3.14384 -3.14438 -5.64754 -5.65266 0.0611971 0.0611956
-0.698997 -0.132357 -0.132327 -3.17965 -3.18022 -5.05628 -5.0604 0.0603827 0.0603814
-0.692308 -0.153734 -0.153708 -3.21144 -3.21204 -4.44693 -4.45006 0.059426 0.0594249
-0.685619 -0.17531 -0.175289 -3.2391 -3.23972 -3.82029 -3.82245 0.0583256 0.0583246
-0.67893 -0.197057 -0.19704 -3.26251 -3.26314 -3.17717 -3.1784 0.0570803 0.0570795
-0.672241 -0.218946 -0.218933 -3.28157 -3.2822 -2.51845 -2.51878 0.0556891 0.0556883
-0.665552 -0.240947 -0.240939 -3.29617 -3.2968 -1.84505 -1.84452 0.054151 0.0541504
-0.658863 -0.263032 -0.263027 -3.30622 -3.30685 -1.15793 -1.15658 0.0524655 0.0524649
-0.652174 -0.285167 -0.285167 -3.31163 -3.31225 -0.458084 -0.455969 0.0506321 0.0506315
-0.645485 -0.307324 -0.307328 -3.31232 -3.31292 0.253445 0.256275 0.0486505 0.0486499
-0.638796 -0.329469 -0.329476 -3.30822 -3.30879 0.97558 0.97907 0.0465207 0.0465201
-0.632107 -0.35157 -0.351581 -3.29925 -3.2998 1.70721 1.7113 0.044243 0.0442423
-0.625418 -0.373595 -0.37361 -3.28536 -3.28588 2.44717 2.45181 0.0418176 0.0418169
-0.618729 -0.39551 -0.395529 -3.2665 -3.26699 3.19431 3.19943 0.0392453 0.0392444
-0.61204 -0.417283 -0.417304 -3.24261 -3.24307 3.94739 3.95294 0.0365269 0.0365258
-0.605351 -0.438878 -0.438903 -3.21368 -3.21409 4.70518 4.7111 0.0336633 0.0336621
-0.598662 -0.460264 -0.460291 -3.17966 -3.18003 5.46642 5.47265 0.030656 0.0306547
-0.591973 -0.481404 -0.481434 -3.14054 -3.14088 6.22981 6.2363 0.0275065 0.027505
-0.585284 -0.502266 -0.502298 -3.09632 -3.0966 6.99405 7.00073 0.0242165 0.0242147
-0.578595 -0.522815 -0.522849 -3.04698 -3.04722 7.7578 7.76462 0.0207879 0.020786
-0.571906 -0.543017 -0.543052 -2.99254 -2.99273 8.51972 8.52663 0.0172231 0.0172209
-0.565217 -0.562838 -0.562874 -2.93301 -2.93316 9.27845 9.28539 0.0135243 0.0135219
-0.558528 -0.582243 -0.58228 -2.86842 -2.86853 10.0326 10.0395 0.00969438 0.00969171
-0.551839 -0.6012 -0.601237 -2.79881 -2.79887 10.7808 10.7877 0.00573611 0.0057332
-0.545151 -0.619675 -0.619712 -2.72421 -2.72422 11.5217 11.5285 0.00165264 0.00164948
-0.538462 -0.637634 -0.637671 -2.64469 -2.64466 12.2539 12.2605 -0.0025527 -0.00255612
-0.531773 -0.655044 -0.655081 -2.5603 -2.56023 12.9759 12.9823 -0.00687635 -0.00688002
-0.525084 -0.671874 -0.671911 -2.47113 -2.47101 13.6865 13.6927 -0.0113145 -0.0113184
-0.518395 -0.688092 -0.688128 -2.37724 -2.37708 14.3842 14.3901 -0.0158633 -0.0158674
-0.511706 -0.703667 -0.703701 -2.27873 -2.27853 15.0676 15.0732 -0.0205184 -0.0205227
-0.505017 -0.718567 -0.7186 -2.1757 -2.17546 15.7354 15.7407 -0.0252754 -0.02528
-0.498328 -0.732763 -0.732794 -2.06826 -2.06799 16.3863 16.3912 -0.0301297 -0.0301345
-0.491639 -0.746226 -0.746255 -1.95652 -1.95622 17.0188 17.0234 -0.0350766 -0.0350816
-0.48495 -0.758928 -0.758955 -1.84062 -1.8403 17.6318 17.6359 -0.040111 -0.0401162
-0.478261 -0.770841 -0.770866 -1.72069 -1.72034 18.2239 18.2276 -0.0452277 -0.0452331
-0.471572 -0.781939 -0.781961 -1.59688 -1.5965 18.7938 18.7971 -0.0504214 -0.050427
-0.464883 -0.792196 -0.792215 -1.46932 -1.46892 19.3403 19.3431 -0.0556866 -0.0556922
-0.458194 -0.801587 -0.801604 -1.3382 -1.33778 19.8622 19.8646 -0.0610174 -0.0610232
-0.451505 -0.81009 -0.810104 -1.20367 -1.20323 20.3584 20.3603 -0.0664081 -0.0664141
-0.444816 -0.817683 -0.817694 -1.0659 -1.06546 20.8277 20.8292 -0.0718527 -0.0718587
-0.438127 -0.824343 -0.824351 -0.925097 -0.924646 21.269 21.27 -0.077345 -0.077351
-0.431438 -0.830052 -0.830057 -0.781435 -0.780978 21.6813 21.6818 -0.0828786 -0.0828847
-0.424749 -0.834791 -0.834793 -0.635114 -0.634656 22.0635 22.0636 -0.0884472 -0.0884533
-0.41806 -0.838543 -0.838542 -0.486339 -0.485882 22.4148 22.4144 -0.0940442 -0.0940503
-0.411371 -0.841292 -0.841288 -0.335322 -0.334869 22.7341 22.7332 -0.0996629 -0.099669
-0.404682 -0.843025 -0.843018 -0.182277 -0.181832 23.0207 23.0194 -0.105297 -0.105303
-0.397993 -0.843727 -0.843717 -0.0274273 -0.0269924 23.2737 23.272 -0.110939 -0.110945
-0.391304 -0.843388 -0.843375 0.129001 0.129422 23.4925 23.4903 -0.116582 -0.116588
-0.384615 -0.841998 -0.841983 0.286775 0.28718 23.6762 23.6736 -0.122219 -0.122225
-0.377926 -0.839549 -0.839531 0.445659 0.446046 23.8243 23.8213 -0.127843 -0.127849
-0.371237 -0.836034 -0.836013 0.605414 0.605779 23.9362 23.9328 -0.133448 -0.133454
-0.364548 -0.831448 -0.831425 0.765794 0.766135 24.0114 24.0076 -0.139025 -0.139031
-0.35786 -0.825789 -0.825763 0.926553 0.926868 24.0494 24.0454 -0.144569 -0.144574
-0.351171 -0.819053 -0.819026 1.08744 1.08773 24.05 24.0456 -0.15007 -0.150076
-0.344482 -0.811241 -0.811212 1.24821 1.24846 24.0128 24.0081 -0.155524 -0.155528
-0.337793 -0.802355 -0.802324 1.4086 1.40882 23.9374 23.9325 -0.160921 -0.160925
-0.331104 -0.792398 -0.792366 1.56836 1.56855 23.8239 23.8188 -0.166255 -0.16626
-0.324415 -0.781376 -0.781343 1.72723 1.72738 23.6721 23.6667 -0.171519 -0.171523
-0.317726 -0.769294 -0.76926 1.88495 1.88507 23.4819 23.4764 -0.176706 -0.17671
-0.311037 -0.756162 -0.756127 2.04128 2.04136 23.2534 23.2478 -0.181808 -0.181812
-0.304348 -0.74199 -0.741955 2.19595 2.196 22.9868 22.9811 -0.186819 -0.186823
-0.297659 -0.726789 -0.726754 2.34871 2.34872 22.6822 22.6764 -0.191732 -0.191736
-0.29097 -0.710574 -0.710538 2.49931 2.49927 22.3398 22.334 -0.19654 -0.196543
-0.284281 -0.693359 -0.693324 2.64749 2.64742 21.9601 21.9543 -0.201236 -0.201239
-0.277592 -0.675162 -0.675127 2.79301 2.7929 21.5434 21.5377 -0.205814 -0.205816
-0.270903 -0.656001 -0.655967 2.93561 2.93546 21.0902 21.0846 -0.210266 -0.210269
-0.264214 -0.635896 -0.635864 3.07507 3.07488 20.6011 20.5956 -0.214587 -0.21459
-0.257525 -0.61487 -0.614839 3.21114 3.21091 20.0767 20.0713 -0.218771 -0.218773
-0.250836 -0.592946 -0.592917 3.34358 3.34332 19.5176 19.5125 -0.222811 -0.222813
-0.244147 -0.570149 -0.570121 3.47217 3.47187 18.9247 18.9198 -0.226701 -0.226703
-0.237458 -0.546505 -0.546479 3.59668 3.59635 18.2988 18.2941 -0.230437 -0.230438
-0.230769 -0.522042 -0.522019 3.71689 3.71654 17.6407 17.6364 -0.234011 -0.234012
-0.22408 -0.49679 -0.49677 3.8326 3.83222 16.9514 16.9475 -0.237419 -0.23742
-0.217391 -0.47078 -0.470762 3.9436 3.94319 16.232 16.2284 -0.240655 -0.240656
-0.210702 -0.444044 -0.444029 4.04969 4.04926 15.4836 15.4804 -0.243715 -0.243716
-0.204013 -0.416615 -0.416603 4.15068 4.15023 14.7072 14.7044 -0.246594 -0.246595
-0.197324 -0.388529 -0.388519 4.24638 4.24592 13.9041 13.9018 -0.249287 -0.249288
-0.190635 -0.35982 -0.359814 4.33663 4.33615 13.0755 13.0738 -0.25179 -0.251791
-0.183946 -0.330526 -0.330523 4.42125 4.42076 12.2228 12.2216 -0.254099 -0.2541
-0.177258 -0.300685 -0.300686 4.50009 4.4996 11.3474 11.3467 -0.256211 -0.256211
-0.170569 -0.270337 -0.270341 4.57301 4.57251 10.4505 10.4504 -0.258121 -0.258122
-0.16388 -0.239522 -0.239529 4.63986 4.63936 9.53381 9.53419 -0.259826 -0.259827
-0.157191 -0.208279 -0.20829 4.70051 4.70002 8.59866 8.59961 -0.261324 -0.261325
-0.150502 -0.176653 -0.176666 4.75485 4.75436 7.64664 7.64816 -0.262612 -0.262613
-0.143813 -0.144684 -0.144701 4.80277 4.8023 6.67933 6.68142 -0.263687 -0.263688
-0.137124 -0.112416 -0.112436 4.84418 4.84372 5.69834 5.70099 -0.264547 -0.264548
-0.130435 -0.0798934 -0.0799165 4.87898 4.87854 4.70531 4.70851 -0.26519 -0.265191
-0.123746 -0.0471603 -0.0471863 4.9071 4.90668 3.70191 3.70565 -0.265615 -0.265616
-0.117057 -0.0142617 -0.0142903 4.92848 4.92809 2.68983 2.69409 -0.265821 -0.265822
-0.110368 0.0187574 0.0187262 4.94307 4.94271 1.67079 1.67555 -0.265806 -0.265807
-0.103679 0.0518511 0.0518177 4.95082 4.9505 0.646512 0.651743 -0.265569 -0.265571
-0.09699 0.0849738 0.0849383 4.95171 4.95142 -0.381249 -0.375577 -0.265112 -0.265114
-0.090301 0.118079 0.118042 4.94572 4.94547 -1.41074 -1.40466 -0.264433 -0.264435
-0.083612 0.151122 0.151083 4.93284 4.93263 -2.4402 -2.43376 -0.263532 -0.263535
-0.0769231 0.184055 0.184015 4.91308 4.91291 -3.46787 -3.4611 -0.262411 -0.262414
-0.0702341 0.216833 0.216792 4.88645 4.88634 -4.49197 -4.48492 -0.26107 -0.261074
-0.0635452 0.249411 0.249369 4.85299 4.85293 -5.51074 -5.50347 -0.259511 -0.259514
-0.0568562 0.281741 0.281699 4.81275 4.81273 -6.52244 -6.51499 -0.257734 -0.257738
-0.0501672 0.31378 0.313738 4.76576 4.76579 -7.52531 -7.51774 -0.255742 -0.255747
-0.0434783 0.345482 0.345441 4.7121 4.71218 -8.51763 -8.51 -0.253537 -0.253542
-0.0367893 0.376803 0.376763 4.65184 4.65197 -9.49769 -9.49006 -0.251121 -0.251126
-0.0301003 0.4077 0.40766 4.58507 4.58525 -10.4638 -10.4562 -0.248497 -0.248502
-0.0234114 0.438128 0.43809 4.51189 4.51212 -11.4143 -11.4068 -0.245668 -0.245673
-0.0167224 0.468045 0.468009 4.43241 4.43269 -12.3475 -12.3403 -0.242637 -0.242643
-0.0100334 0.49741 0.497376 4.34675 4.34708 -13.2619 -13.2549 -0.239408 -0.239414
-0.00334448 0.526182 0.52615 4.25504 4.25541 -14.1558 -14.1491 -0.235984 -0.23599
0.00334448 0.554321 0.554291 4.15742 4.15784 -15.0278 -15.0215 -0.23237 -0.232376
0.0100334 0.581787 0.581761 4.05405 4.05451 -15.8764 -15.8705 -0.22857 -0.228576
0.0167224 0.608543 0.60852 3.94508 3.94558 -16.7 -16.6946 -0.224589 -0.224595
0.0234114 0.634552 0.634532 3.83069 3.83123 -17.4974 -17.4925 -0.220431 -0.220437
0.0301003 0.659778 0.659762 3.71106 3.71163 -18.2671 -18.2628 -0.216102 -0.216108
0.0367893 0.684187 0.684175 3.58638 3.58697 -19.0079 -19.0043 -0.211606 -0.211613
0.0434783 0.707746 0.707737 3.45685 3.45746 -19.7185 -19.7156 -0.20695 -0.206957
0.0501672 0.730422 0.730418 3.32266 3.32329 -20.3977 -20.3955 -0.20214 -0.202147
0.0568562 0.752186 0.752186 3.18404 3.18468 -21.0444 -21.043 -0.197181 -0.197188
0.0635452 0.773009 0.773013 3.0412 3.04185 -21.6576 -21.657 -0.192079 -0.192086
0.0702341 0.792862 0.792871 2.89438 2.89503 -22.2363 -22.2365 -0.186842 -0.186849
0.0769231 0.811721 0.811734 2.74381 2.74445 -22.7795 -22.7805 -0.181475 -0.181482
0.083612 0.829561 0.829578 2.58972 2.59036 -23.2863 -23.2881 -0.175985 -0.175992
0.090301 0.846359 0.84638 2.43237 2.43299 -23.756 -23.7587 -0.170379 -0.170386
0.09699 0.862094 0.86212 2.272 2.2726 -24.1878 -24.1914 -0.164665 -0.164671
0.103679 0.876747 0.876777 2.10887 2.10944 -24.5812 -24.5855 -0.158849 -0.158855
0.110368 0.890301 0.890334 1.94324 1.94378 -24.9354 -24.9405 -0.152938 -0.152944
0.117057 0.902739 0.902776 1.77537 1.77588 -25.25 -25.2559 -0.146941 -0.146947
0.123746 0.914047 0.914087 1.60554 1.606 -25.5247 -25.5313 -0.140864 -0.140869
0.130435 0.924214 0.924257 1.434 1.43441 -25.7589 -25.7662 -0.134715 -0.13472
0.137124 0.933228 0.933274 1.26103 1.26139 -25.9525 -25.9604 -0.128502 -0.128507
0.143813 0.941081 0.941129 1.0869 1.08721 -26.1052 -26.1138 -0.122233 -0.122238
0.150502 0.947767 0.947816 0.911885 0.912136 -26.217 -26.226 -0.115915 -0.11592
0.157191 0.953279 0.95333 0.736262 0.73645 -26.2877 -26.2972 -0.109557 -0.109561
0.16388 0.957615 0.957668 0.560302 0.560426 -26.3174 -26.3273 -0.103165 -0.103169
0.170569 0.960775 0.960827 0.384281 0.384337 -26.3062 -26.3164 -0.0967484 -0.0967516
0.177258 0.962757 0.96281 0.208471 0.208458 -26.2543 -26.2647 -0.0903145 -0.0903174
0.183946 0.963565 0.963617 0.0331435 0.0330607 -26.1619 -26.1724 -0.0838713 -0.0838739
0.190635 0.963202 0.963254 -0.141431 -0.141585 -26.0293 -26.0399 -0.0774266 -0.0774289
0.197324 0.961675 0.961725 -0.314987 -0.31521 -25.8571 -25.8676 -0.0709882 -0.0709901
0.204013 0.958991 0.95904 -0.487258 -0.487551 -25.6455 -25.6559 -0.064564 -0.0645655
0.210702 0.95516 0.955206 -0.657984 -0.658346 -25.3952 -25.4053 -0.0581615 -0.0581627
0.217391 0.950192 0.950236 -0.826908 -0.827337 -25.1068 -25.1166 -0.0517884 -0.0517893
0.22408 0.944102 0.944143 -0.993778 -0.99427 -24.781 -24.7903 -0.0454524 -0.045453
0.230769 0.936903 0.93694 -1.15835 -1.1589 -24.4185 -24.4272 -0.0391608 -0.0391612
0.237458 0.928611 0.928645 -1.32037 -1.32098 -24.02 -24.0282 -0.032921 -0.0329211
0.244147 0.919245 0.919275 -1.47961 -1.48027 -23.5866 -23.594 -0.0267403 -0.0267402
0.250836 0.908824 0.908849 -1.63583 -1.63654 -23.119 -23.1256 -0.0206258 -0.0206255
0.257525 0.897369 0.897388 -1.78882 -1.78957 -22.6184 -22.6241 -0.0145844 -0.014584
0.264214 0.884901 0.884916 -1.93835 -1.93913 -22.0856 -22.0904 -0.00862308 -0.00862257
0.270903 0.871446 0.871455 -2.08421 -2.08502 -21.522 -21.5257 -0.00274847 -0.00274787
0.277592 0.857027 0.857031 -2.2262 -2.22703 -20.9285 -20.9312 0.0030329 0.00303355
0.284281 0.841673 0.841671 -2.36412 -2.36497 -20.3063 -20.3079 0.00871469 0.00871534
0.29097 0.82541 0.825402 -2.49779 -2.49865 -19.6568 -19.6573 0.0142907 0.0142913
0.297659 0.808267 0.808254 -2.62703 -2.62789 -18.9812 -18.9805 0.019755 0.0197555
0.304348 0.790276 0.790257 -2.75167 -2.75251 -18.2808 -18.2788 0.0251018 0.0251022
0.311037 0.771466 0.771442 -2.87154 -2.87237 -17.5569 -17.5538 0.0303254 0.0303257
0.317726 0.751872 0.751841 -2.98649 -2.9873 -16.8111 -16.8067 0.0354206 0.0354207
0.324415 0.731525 0.731489 -3.09639 -3.09716 -16.0446 -16.0391 0.0403822 0.0403821
0.331104 0.71046 0.710419 -3.20109 -3.20183 -15.259 -15.2523 0.0452053 0.045205
0.337793 0.688712 0.688667 -3.30048 -3.30117 -14.4557 -14.4479 0.0498852 0.0498845
0.344482 0.666318 0.666269 -3.39445 -3.39507 -13.6362 -13.6274 0.0544174 0.0544165
0.351171 0.643314 0.643261 -3.48288 -3.48344 -12.8021 -12.7922 0.0587978 0.0587965
0.35786 0.619737 0.61968 -3.56568 -3.56618 -11.9549 -11.944 0.0630224 0.0630207
0.364548 0.595625 0.595565 -3.64278 -3.6432 -11.096 -11.0844 0.0670874 0.0670853
0.371237 0.571017 0.570955 -3.7141 -3.71444 -10.2272 -10.2148 0.0709895 0.070987
0.377926 0.545952 0.545887 -3.77958 -3.77983 -9.34992 -9.33682 0.0747254 0.0747225
0.384615 0.520467 0.520401 -3.83917 -3.83933 -8.46575 -8.4521 0.0782922 0.0782889
0.391304 0.494605 0.494538 -3.89282 -3.89289 -7.57626 -7.56219 0.0816873 0.0816835
0.397993 0.468403 0.468336 -3.94051 -3.94049 -6.68303 -6.66865 0.0849083 0.084904
0.404682 0.441902 0.441836 -3.98222 -3.9821 -5.7876 -5.77305 0.0879529 0.0879482
0.411371 0.415142 0.415077 -4.01794 -4.01772 -4.89153 -4.87694 0.0908194 0.0908143
0.41806 0.388164 0.3881 -4.04766 -4.04735 -3.99636 -3.98188 0.0935062 0.0935006
0.424749 0.361006 0.360945 -4.07141 -4.071 -3.10361 -3.08938 0.0960119 0.0960059
0.431438 0.33371 0.333652 -4.08919 -4.08869 -2.21479 -2.20096 0.0983354 0.098329
0.438127 0.306315 0.30626 -4.10105 -4.10045 -1.33139 -1.3181 0.100476 0.100469
0.444816 0.27886 0.278809 -4.10702 -4.10634 -0.45487 -0.442261 0.102433 0.102426
0.451505 0.251384 0.251339 -4.10715 -4.10639 0.413335 0.425121 0.104207 0.104199
0.458194 0.223927 0.223887 -4.10151 -4.10067 1.27181 1.28264 0.105796 0.105788
0.464883 0.196527 0.196493 -4.09016 -4.08925 2.11919 2.12892 0.107202 0.107194
0.471572 0.169222 0.169194 -4.07319 -4.07222 2.95411 2.96263 0.108425 0.108417
0.478261 0.142049 0.142028 -4.05067 -4.04965 3.77527 3.78247 0.109466 0.109458
0.48495 0.115044 0.11503 -4.02272 -4.02165 4.5814 4.58717 0.110326 0.110318
0.491639 0.0882451 0.0882382 -3.98942 -3.98832 5.37127 5.37551 0.111006 0.110997
0.498328 0.0616859 0.0616865 -3.9509 -3.94978 6.14368 6.14632 0.111507 0.111499
0.505017 0.0354016 0.0354097 -3.90727 -3.90614 6.8975 6.89847 0.111832 0.111823
0.511706 0.00942583 0.00944153 -3.85867 -3.85753 7.63163 7.63088 0.111982 0.111973
0.518395 -0.0162086 -0.0161853 -3.80522 -3.8041 8.34501 8.3425 0.111959 0.11195
0.525084 -0.0414697 -0.041439 -3.74708 -3.74598 9.03664 9.03236 0.111766 0.111757
0.531773 -0.0663266 -0.0662886 -3.68438 -3.68332 9.70558 9.69952 0.111405 0.111397
0.538462 -0.0907493 -0.0907043 -3.61729 -3.61627 10.3509 10.3431 0.110879 0.110872
0.545151 -0.114709 -0.114657 -3.54596 -3.545 10.9718 10.9623 0.110192 0.110184
0.551839 -0.138178 -0.13812 -3.47057 -3.46967 11.5675 11.5563 0.109346 0.109339
0.558528 -0.161129 -0.161066 -3.39127 -3.39046 12.1373 12.1244 0.108344 0.108338
0.565217 -0.183538 -0.183469 -3.30825 -3.30753 12.6804 12.666 0.107191 0.107185
0.571906 -0.205379 -0.205306 -3.2217 -3.22107 13.1962 13.1805 0.10589 0.105885
0.578595 -0.22663 -0.226553 -3.13178 -3.13127 13.6843 13.6672 0.104445 0.10444
0.585284 -0.247269 -0.247189 -3.03869 -3.0383 14.144 14.1259 0.10286 0.102855
0.591973 -0.267275 -0.267192 -2.94262 -2.94236 14.575 14.5559 0.101139 0.101135
0.598662 -0.286629 -0.286545 -2.84377 -2.84363 14.9769 14.957 0.0992857 0.0992822
0.605351 -0.305313 -0.305229 -2.74233 -2.74233 15.3494 15.3289 0.0973056 0.0973027
0.61204 -0.32331 -0.323226 -2.6385 -2.63863 15.6921 15.6712 0.0952028 0.0952004
0.618729 -0.340605 -0.340523 -2.53247 -2.53275 16.005 15.9839 0.0929819 0.0929801
0.625418 -0.357185 -0.357105 -2.42445 -2.42487 16.2878 16.2668 0.0906478 0.0906465
0.632107 -0.373035 -0.372959 -2.31464 -2.3152 16.5405 16.5198 0.0882052 0.0882045
0.638796 -0.388146 -0.388074 -2.20324 -2.20393 16.7631 16.7429 0.085659 0.0856588
0.645485 -0.402507 -0.40244 -2.09045 -2.09128 16.9556 16.9361 0.0830143 0.0830145
0.652174 -0.416109 -0.416048 -1.97647 -1.97743 17.1181 17.0996 0.080276 0.0802767
0.658863 -0.428946 -0.428891 -1.86151 -1.86259 17.2508 17.2336 0.0774493 0.0774503
0.665552 -0.441011 -0.440964 -1.74576 -1.74695 17.3538 17.3381 0.0745393 0.0745407
0.672241 -0.452299 -0.452261 -1.62942 -1.6307 17.4275 17.4135 0.0715512 0.0715529
0.67893 -0.462808 -0.462778 -1.51268 -1.51405 17.4721 17.46 0.0684902 0.0684921
0.685619 -0.472535 -0.472515 -1.39574 -1.39719 17.488 17.4781 0.0653615 0.0653636
0.692308 -0.48148 -0.48147 -1.27879 -1.2803 17.4757 17.4682 0.0621704 0.0621726
0.698997 -0.489643 -0.489643 -1.16202 -1.16356 17.4356 17.4306 0.0589221 0.0589243
0.705686 -0.497026 -0.497037 -1.0456 -1.04717 17.3682 17.366 0.0556217 0.0556239
0.712375 -0.503633 -0.503653 -0.929725 -0.9313 17.2741 17.2747 0.0522746 0.0522767
0.719064 -0.509466 -0.509497 -0.814567 -0.816128 17.154 17.1576 0.0488859 0.0488878
0.725753 -0.514532 -0.514573 -0.700297 -0.701824 17.0084 17.015 0.0454607 0.0454624
0.732441 -0.518837 -0.518888 -0.587085 -0.588557 16.838 16.8478 0.0420042 0.0420056
0.73913 -0.522388 -0.52245 -0.475093 -0.476489 16.6437 16.6566 0.0385215 0.0385224
0.745819 -0.525196 -0.525266 -0.364479 -0.365779 16.4261 16.4421 0.0350174 0.035018
0.752508 -0.527268 -0.527346 -0.255396 -0.256578 16.186 16.2051 0.0314971 0.0314971
0.759197 -0.528616 -0.528702 -0.147991 -0.149036 15.9244 15.9465 0.0279653 0.0279648
0.765886 -0.529252 -0.529344 -0.0424067 -0.0432941 15.642 15.6669 0.0244269 0.0244258
0.772575 -0.529188 -0.529285 0.061222 0.0605106 15.3398 15.3674 0.0208866 0.0208848
0.779264 -0.528437 -0.528539 0.162765 0.162247 15.0186 15.0487 0.017349 0.0173466
0.785953 -0.527015 -0.52712 0.262099 0.26179 14.6794 14.7117 0.0138187 0.0138156
0.792642 -0.524936 -0.525042 0.359107 0.35902 14.3232 14.3573 0.0103001 0.0102963
0.799331 -0.522216 -0.522322 0.453678 0.453824 13.9509 13.9866 0.00679752 0.00679301
0.80602 -0.518873 -0.518977 0.545707 0.546097 13.5635 13.6004 0.00331528 0.00331006
0.812709 -0.514922 -0.515022 0.635098 0.635737 13.1621 13.1996 -0.000142563 -0.000148461
0.819398 -0.510382 -0.510478 0.72176 0.72265 12.7476 12.7853 -0.003572 -0.00357855
0.826087 -0.505273 -0.505361 0.805609 0.80675 12.3211 12.3584 -0.00696915 -0.00697632
0.832776 -0.499611 -0.499692 0.886567 0.887955 11.8836 11.92 -0.0103303 -0.010338
0.839465 -0.493419 -0.493489 0.964565 0.966191 11.4362 11.4709 -0.0136517 -0.01366
0.846154 -0.486714 -0.486773 1.03954 1.04139 10.9798 11.0122 -0.01693 -0.0169387
0.852843 -0.479519 -0.479564 1.11143 1.11349 10.5155 10.5449 -0.0201619 -0.0201709
0.859532 -0.471853 -0.471884 1.1802 1.18244 10.0443 10.07 -0.023344 -0.0233532
0.866221 -0.463737 -0.463753 1.24579 1.24819 9.56723 9.58836 -0.0264733 -0.0264827
0.87291 -0.455194 -0.455193 1.30818 1.3107 9.08533 9.10108 -0.0295468 -0.0295563
0.879599 -0.446244 -0.446225 1.36733 1.36994 8.59958 8.60908 -0.0325619 -0.0325713
0.886288 -0.436909 -0.436873 1.42322 1.42587 8.11096 8.11333 -0.0355158 -0.035525
0.892977 -0.427211 -0.427158 1.47583 1.47847 7.62046 7.61478 -0.038406 -0.038415
0.899666 -0.417173 -0.417102 1.52516 1.52773 7.12902 7.11436 -0.0412302 -0.0412388
0.906355 -0.406815 -0.406727 1.5712 1.57364 6.63758 6.613 -0.0439862 -0.0439942
0.913043 -0.396161 -0.396057 1.61396 1.6162 6.14706 6.11159 -0.0466719 -0.0466793
0.919732 -0.385231 -0.385113 1.65344 1.6554 5.65835 5.61103 -0.0492854 -0.049292
0.926421 -0.374048 -0.373919 1.68966 1.69127 5.17231 5.11217 -0.051825 -0.0518307
0.93311 -0.362634 -0.362495 1.72264 1.7238 4.6898 4.61588 -0.0542889 -0.0542938
0.939799 -0.35101 -0.350865 1.75241 1.75303 4.21163 4.12296 -0.0566758 -0.0566797
0.946488 -0.339198 -0.339051 1.779 1.77897 3.73858 3.63422 -0.0589843 -0.0589872
0.953177 -0.327218 -0.327074 1.80244 1.80165 3.27143 3.15045 -0.0612132 -0.0612151
0.959866 -0.315092 -0.314955 1.82278 1.82113 2.81088 2.67238 -0.0633614 -0.0633625
0.966555 -0.30284 -0.302718 1.84006 1.83742 2.35764 2.20074 -0.0654282 -0.0654283
0.973244 -0.290482 -0.290382 1.85434 1.85058 1.91238 1.73623 -0.0674126 -0.067412
0.979933 -0.278039 -0.277968 1.86566 1.86066 1.47572 1.27951 -0.069314 -0.0693128
0.986622 -0.26553 -0.265496 1.8741 1.86772 1.04825 0.831234 -0.071132 -0.0711305
0.993311 -0.252974 -0.252988 1.87971 1.8718 0.630538 0.391999 -0.0728661 -0.0728646
1 -0.240389 -0.240462 1.88256 1.87298 0.223109 -0.0376144 -0.0745162 -0.0745149
