-1 0.8
-1.2628 1.10576
-0.72358 0.597444
-0.557468 0.572604
-0.47581 0.615021
-0.43088 0.615003
-0.400438 0.562373
-0.421149 0.562911
-0.417919 0.568346
-0.415644 0.549121
-1.47191 10.4775
-1.36627 9.01308
-1.38451 9.01268
-1.42737 9.01142
-1.50096 9.0087
-1.60435 9.0039
-1.71578 8.99788
-1.80415 8.99312
-1.52632 9.011
-2.71654 8.93659
-1.78356 3.40099
-2.16631 3.79494
-1.85786 3.4695
-1.69476 3.24631
-1.39379 2.3388
-1.33333 1.95499
-1.05696 0.831611
-0.770831 0.649599
-0.75762 0.794669
-0.69674 0.554519
-0.76859 0.60547
-0.749897 0.577378
-0.677107 0.486121
-0.643834 0.446743
-0.64459 0.464916
-0.634162 0.478095
-0.626195 0.508938
-0.626754 0.509986
-0.629354 0.508923
-0.628166 0.506085
-0.622329 0.522476
-0.614687 0.527404
-0.610979 0.539865
-0.608375 0.542785
-0.606079 0.543556
-0.604539 0.547466
-0.606128 0.546776
-0.601345 0.548629
-0.601415 0.545724
-0.601502 0.545492
-0.598263 0.547589
-0.596435 0.54886
-0.594294 0.54577
-0.594747 0.543119
-0.591724 0.544308
-0.591468 0.543855
-0.589592 0.541993
-0.588438 0.542531
-0.587469 0.544906
-0.586987 0.538372
-0.587109 0.538729
-0.587337 0.539701
-0.587032 0.540405
-0.587755 0.537834
-0.585464 0.536887
-0.583633 0.536468
-0.583255 0.537238
-0.582086 0.538625
-0.580671 0.538029
-0.577682 0.53872
-0.579298 0.532924
-0.577913 0.53355
-0.575979 0.534665
-0.573742 0.535289
-0.573873 0.534636
-0.573216 0.534349
-0.572236 0.533639
-0.570904 0.533604
-0.569626 0.533533
-0.568846 0.533735
-0.568146 0.533604
-0.566825 0.534121
-0.566089 0.53515
-0.565586 0.534894
-0.564519 0.535644
-0.56353 0.536721
-0.562845 0.536688
-0.562534 0.537521
-0.562074 0.537406
-0.562511 0.537691
-0.561592 0.537492
-0.561579 0.537824
-0.560737 0.537726
-0.560769 0.538058
-0.559963 0.538049
-0.560128 0.5383
-0.559231 0.538369
-0.559841 0.538389
-0.559587 0.538174
-0.559498 0.538131
-0.559503 0.538346
-0.559572 0.538674
-0.559196 0.538743
-0.55955 0.538715
-0.559388 0.538753
-0.559355 0.538759
-0.559425 0.538758
-0.559449 0.538775
