# r		Calculated_y(r)		Exact_y(r)
0.000100		0.000100		0.000100
0.010100		0.010001		0.009999
0.019981		0.019590		0.019585
0.035341		0.034122		0.034114
0.051341		0.048782		0.048772
0.067341		0.062969		0.062955
0.083341		0.076693		0.076677
0.099340		0.089966		0.089946
0.115340		0.102798		0.102775
0.131340		0.115200		0.115175
0.147340		0.127182		0.127154
0.163340		0.138755		0.138725
0.179339		0.149929		0.149896
0.195339		0.160713		0.160677
0.211339		0.171117		0.171079
0.227339		0.181150		0.181110
0.243339		0.190821		0.190779
0.259338		0.200140		0.200096
0.275338		0.209115		0.209069
0.291338		0.217754		0.217706
0.307338		0.226067		0.226017
0.323338		0.234060		0.234009
0.339337		0.241744		0.241690
0.355337		0.249124		0.249069
0.371337		0.256209		0.256153
0.387337		0.263006		0.262948
0.403337		0.269523		0.269464
0.419336		0.275767		0.275707
0.435336		0.281745		0.281683
0.451336		0.287463		0.287400
0.467336		0.292929		0.292865
0.483336		0.298149		0.298084
0.499335		0.303130		0.303064
0.515335		0.307877		0.307810
0.531335		0.312397		0.312329
0.547335		0.316696		0.316627
0.563335		0.320780		0.320711
0.579334		0.324655		0.324584
0.595334		0.328326		0.328254
0.611334		0.331798		0.331726
0.627334		0.335077		0.335005
0.643334		0.338169		0.338096
0.659333		0.341078		0.341005
0.675333		0.343810		0.343736
0.691333		0.346369		0.346294
0.707333		0.348760		0.348685
0.723333		0.350988		0.350912
0.739332		0.353057		0.352981
0.755332		0.354972		0.354896
0.771332		0.356738		0.356661
0.787332		0.358358		0.358281
0.803332		0.359836		0.359760
0.819331		0.361178		0.361101
0.835331		0.362386		0.362309
0.851331		0.363465		0.363388
0.867331		0.364418		0.364341
0.883331		0.365250		0.365172
0.899330		0.365963		0.365885
0.915330		0.366561		0.366484
0.931330		0.367049		0.366971
0.947330		0.367428		0.367351
0.963330		0.367703		0.367626
0.979329		0.367877		0.367800
0.995329		0.367952		0.367875
1.011329		0.367933		0.367856
1.027329		0.367821		0.367745
1.043329		0.367620		0.367544
1.059328		0.367333		0.367257
1.075328		0.366962		0.366887
1.091328		0.366511		0.366436
1.107328		0.365981		0.365906
1.123328		0.365376		0.365301
1.139327		0.364698		0.364624
1.155327		0.363949		0.363875
1.171327		0.363133		0.363059
1.187327		0.362250		0.362177
1.203327		0.361304		0.361231
1.219326		0.360297		0.360224
1.235326		0.359231		0.359159
1.251326		0.358107		0.358036
1.267326		0.356929		0.356858
1.283326		0.355698		0.355628
1.299325		0.354416		0.354346
1.315325		0.353086		0.353016
1.331325		0.351708		0.351639
1.347325		0.350285		0.350216
1.363325		0.348818		0.348751
1.379324		0.347310		0.347243
1.395324		0.345762		0.345695
1.411324		0.344175		0.344109
1.427324		0.342552		0.342487
1.443324		0.340893		0.340829
1.459323		0.339201		0.339137
1.475323		0.337477		0.337413
1.491323		0.335722		0.335659
1.507323		0.333937		0.333875
1.523323		0.332125		0.332064
1.539322		0.330286		0.330225
1.555322		0.328422		0.328362
1.571322		0.326533		0.326474
1.587322		0.324622		0.324564
1.603322		0.322689		0.322632
1.619321		0.320736		0.320679
1.635321		0.318764		0.318707
1.651321		0.316773		0.316717
1.667321		0.314765		0.314710
1.683321		0.312741		0.312687
1.699320		0.310702		0.310649
1.715320		0.308649		0.308597
1.731320		0.306583		0.306531
1.747320		0.304504		0.304454
1.763320		0.302415		0.302365
1.779319		0.300315		0.300265
1.795319		0.298205		0.298157
1.811319		0.296087		0.296039
1.827319		0.293961		0.293914
1.843319		0.291827		0.291781
1.859318		0.289688		0.289642
1.875318		0.287542		0.287498
1.891318		0.285392		0.285348
1.907318		0.283238		0.283195
1.923318		0.281080		0.281038
1.939317		0.278919		0.278878
1.955317		0.276756		0.276716
1.971317		0.274591		0.274552
1.987317		0.272425		0.272387
2.003317		0.270259		0.270222
2.019316		0.268093		0.268057
2.035316		0.265928		0.265892
2.051316		0.263764		0.263729
2.067316		0.261601		0.261567
2.083316		0.259441		0.259408
2.099315		0.257283		0.257251
2.115315		0.255128		0.255097
2.131315		0.252977		0.252947
2.147315		0.250830		0.250801
2.163315		0.248688		0.248659
2.179314		0.246550		0.246522
2.195314		0.244417		0.244390
2.211314		0.242290		0.242264
2.227314		0.240169		0.240144
2.243314		0.238054		0.238030
2.259313		0.235946		0.235922
2.275313		0.233844		0.233822
2.291313		0.231750		0.231729
2.307313		0.229664		0.229643
2.323313		0.227585		0.227565
2.339312		0.225514		0.225495
2.355312		0.223452		0.223434
2.371312		0.221398		0.221381
2.387312		0.219353		0.219337
2.403312		0.217318		0.217303
2.419311		0.215291		0.215277
2.435311		0.213275		0.213261
2.451311		0.211268		0.211255
2.467311		0.209271		0.209259
2.483311		0.207284		0.207273
2.499310		0.205307		0.205297
2.515310		0.203341		0.203332
2.531310		0.201385		0.201378
2.547310		0.199441		0.199434
2.563310		0.197507		0.197501
2.579309		0.195584		0.195580
2.595309		0.193673		0.193669
2.611309		0.191773		0.191770
2.627309		0.189885		0.189883
2.643309		0.188008		0.188007
2.659308		0.186143		0.186143
2.675308		0.184289		0.184290
2.691308		0.182448		0.182450
2.707308		0.180618		0.180621
2.723308		0.178801		0.178805
2.739307		0.176996		0.177001
2.755307		0.175203		0.175209
2.771307		0.173422		0.173429
2.787307		0.171654		0.171661
2.803307		0.169898		0.169907
2.819306		0.168154		0.168164
2.835306		0.166423		0.166434
2.851306		0.164705		0.164717
2.867306		0.162999		0.163012
2.883306		0.161306		0.161320
2.899305		0.159625		0.159640
2.915305		0.157957		0.157973
2.931305		0.156302		0.156319
2.947305		0.154660		0.154677
2.963305		0.153030		0.153049
2.979304		0.151413		0.151433
2.995304		0.149809		0.149829
3.011304		0.148217		0.148239
3.027304		0.146638		0.146661
3.043304		0.145072		0.145096
3.059303		0.143519		0.143544
3.075303		0.141978		0.142004
3.091303		0.140450		0.140477
3.107303		0.138935		0.138963
3.123303		0.137432		0.137461
3.139302		0.135942		0.135973
3.155302		0.134465		0.134496
3.171302		0.133000		0.133033
3.187302		0.131548		0.131582
3.203302		0.130109		0.130143
3.219301		0.128682		0.128717
3.235301		0.127267		0.127304
3.251301		0.125865		0.125903
3.267301		0.124475		0.124514
3.283301		0.123098		0.123138
3.299300		0.121733		0.121774
3.315300		0.120380		0.120422
3.331300		0.119039		0.119083
3.347300		0.117711		0.117755
3.363300		0.116395		0.116440
3.379299		0.115090		0.115137
3.395299		0.113798		0.113846
3.411299		0.112518		0.112567
3.427299		0.111250		0.111300
3.443299		0.109993		0.110045
3.459298		0.108749		0.108801
3.475298		0.107516		0.107570
3.491298		0.106295		0.106349
3.507298		0.105085		0.105141
3.523298		0.103887		0.103944
3.539297		0.102700		0.102759
3.555297		0.101525		0.101585
3.571297		0.100362		0.100423
3.587297		0.099209		0.099271
3.603297		0.098068		0.098131
3.619296		0.096938		0.097003
3.635296		0.095819		0.095885
3.651296		0.094711		0.094778
3.667296		0.093614		0.093683
3.683296		0.092528		0.092598
3.699295		0.091453		0.091524
3.715295		0.090389		0.090461
3.731295		0.089335		0.089408
3.747295		0.088292		0.088367
3.763295		0.087259		0.087335
3.779294		0.086237		0.086315
3.795294		0.085225		0.085304
3.811294		0.084224		0.084304
3.827294		0.083232		0.083314
3.843294		0.082251		0.082335
3.859293		0.081281		0.081365
3.875293		0.080320		0.080406
3.891293		0.079369		0.079456
3.907293		0.078428		0.078516
3.923293		0.077496		0.077587
3.939292		0.076575		0.076666
3.955292		0.075663		0.075756
3.971292		0.074760		0.074855
3.987292		0.073868		0.073964
4.003292		0.072984		0.073082
4.019291		0.072110		0.072209
4.035291		0.071245		0.071346
4.051291		0.070390		0.070492
4.067291		0.069543		0.069647
4.083291		0.068706		0.068811
4.099290		0.067877		0.067984
4.115290		0.067058		0.067166
4.131290		0.066247		0.066357
4.147290		0.065445		0.065557
4.163290		0.064652		0.064765
4.179289		0.063867		0.063982
4.195289		0.063091		0.063208
4.211289		0.062323		0.062442
4.227289		0.061564		0.061684
4.243289		0.060813		0.060935
4.259288		0.060070		0.060194
4.275288		0.059335		0.059461
4.291288		0.058609		0.058736
4.307288		0.057890		0.058019
4.323288		0.057179		0.057310
4.339287		0.056477		0.056610
4.355287		0.055782		0.055916
4.371287		0.055094		0.055231
4.387287		0.054415		0.054553
4.403287		0.053743		0.053883
4.419286		0.053078		0.053221
4.435286		0.052421		0.052566
4.451286		0.051772		0.051918
4.467286		0.051129		0.051277
4.483286		0.050494		0.050644
4.499285		0.049866		0.050018
4.515285		0.049245		0.049399
4.531285		0.048631		0.048788
4.547285		0.048024		0.048183
4.563285		0.047424		0.047585
4.579284		0.046831		0.046994
4.595284		0.046244		0.046409
4.611284		0.045664		0.045832
4.627284		0.045091		0.045261
4.643284		0.044525		0.044696
4.659283		0.043964		0.044139
4.675283		0.043411		0.043587
4.691283		0.042863		0.043042
4.707283		0.042322		0.042503
4.723283		0.041787		0.041971
4.739282		0.041259		0.041445
4.755282		0.040736		0.040925
4.771282		0.040219		0.040410
4.787282		0.039709		0.039902
4.803282		0.039204		0.039400
4.819281		0.038705		0.038904
4.835281		0.038212		0.038414
4.851281		0.037725		0.037929
4.867281		0.037244		0.037450
4.883281		0.036768		0.036977
4.899280		0.036297		0.036509
4.915280		0.035832		0.036047
4.931280		0.035373		0.035590
4.947280		0.034919		0.035139
4.963280		0.034470		0.034693
4.979279		0.034027		0.034253
4.995279		0.033588		0.033817
5.011279		0.033155		0.033387
5.027279		0.032727		0.032962
5.043279		0.032304		0.032542
5.059278		0.031886		0.032127
5.075278		0.031473		0.031717
5.091278		0.031065		0.031312
5.107278		0.030662		0.030912
5.123278		0.030263		0.030517
5.139277		0.029869		0.030126
5.155277		0.029480		0.029740
5.171277		0.029095		0.029359
5.187277		0.028715		0.028982
5.203277		0.028340		0.028610
5.219276		0.027969		0.028243
5.235276		0.027602		0.027880
5.251276		0.027240		0.027521
5.267276		0.026882		0.027167
5.283276		0.026528		0.026817
5.299275		0.026179		0.026471
5.315275		0.025834		0.026129
5.331275		0.025493		0.025792
5.347275		0.025156		0.025459
5.363275		0.024823		0.025130
5.379274		0.024494		0.024805
5.395274		0.024168		0.024484
5.411274		0.023847		0.024166
5.427274		0.023530		0.023853
5.443274		0.023216		0.023544
5.459273		0.022907		0.023238
5.475273		0.022600		0.022936
5.491273		0.022298		0.022638
5.507273		0.021999		0.022344
5.523273		0.021704		0.022053
5.539272		0.021412		0.021766
5.555272		0.021124		0.021482
5.571272		0.020840		0.021202
5.587272		0.020558		0.020926
5.603272		0.020280		0.020652
5.619271		0.020006		0.020383
5.635271		0.019735		0.020116
5.651271		0.019467		0.019853
5.667271		0.019202		0.019593
5.683271		0.018940		0.019337
5.699270		0.018682		0.019083
5.715270		0.018427		0.018833
5.731270		0.018174		0.018586
5.747270		0.017925		0.018342
5.763270		0.017679		0.018101
5.779269		0.017435		0.017864
5.795269		0.017195		0.017629
5.811269		0.016958		0.017397
5.827269		0.016723		0.017168
5.843269		0.016491		0.016942
5.859268		0.016262		0.016718
5.875268		0.016036		0.016498
5.891268		0.015812		0.016280
5.907268		0.015591		0.016065
5.923268		0.015373		0.015853
5.939267		0.015157		0.015644
5.955267		0.014944		0.015437
5.971267		0.014733		0.015233
5.987267		0.014525		0.015031
6.003267		0.014320		0.014832
6.019266		0.014117		0.014636
6.035266		0.013916		0.014442
6.051266		0.013717		0.014250
6.067266		0.013521		0.014061
6.083266		0.013328		0.013874
6.099265		0.013136		0.013690
6.115265		0.012947		0.013508
6.131265		0.012760		0.013328
6.147265		0.012576		0.013151
6.163265		0.012393		0.012976
6.179264		0.012213		0.012803
6.195264		0.012034		0.012633
6.211264		0.011858		0.012464
6.227264		0.011684		0.012298
6.243264		0.011512		0.012134
6.259263		0.011342		0.011972
6.275263		0.011174		0.011812
6.291263		0.011008		0.011654
6.307263		0.010843		0.011498
6.323263		0.010681		0.011344
6.339262		0.010520		0.011193
6.355262		0.010362		0.011043
6.371262		0.010205		0.010895
6.387262		0.010050		0.010749
6.403262		0.009897		0.010605
6.419261		0.009745		0.010462
6.435261		0.009595		0.010322
6.451261		0.009447		0.010184
6.467261		0.009301		0.010047
6.483261		0.009156		0.009912
6.499260		0.009013		0.009778
6.515260		0.008871		0.009647
6.531260		0.008731		0.009517
6.547260		0.008593		0.009389
6.563260		0.008456		0.009263
6.579259		0.008320		0.009138
6.595259		0.008186		0.009015
6.611259		0.008054		0.008893
6.627259		0.007923		0.008773
6.643259		0.007793		0.008655
6.659258		0.007665		0.008538
6.675258		0.007538		0.008422
6.691258		0.007413		0.008309
6.707258		0.007288		0.008196
6.723258		0.007166		0.008085
6.739257		0.007044		0.007976
6.755257		0.006924		0.007868
6.771257		0.006805		0.007762
6.787257		0.006687		0.007656
6.803257		0.006570		0.007553
6.819256		0.006455		0.007450
6.835256		0.006340		0.007349
6.851256		0.006227		0.007249
6.867256		0.006115		0.007151
6.883256		0.006004		0.007054
6.899255		0.005894		0.006958
6.915255		0.005786		0.006864
6.931255		0.005678		0.006770
6.947255		0.005571		0.006678
6.963255		0.005466		0.006587
6.979254		0.005361		0.006498
6.995254		0.005258		0.006409
7.011254		0.005155		0.006322
7.027254		0.005053		0.006236
7.043254		0.004952		0.006151
7.059253		0.004852		0.006067
7.075253		0.004753		0.005984
7.091253		0.004655		0.005902
7.107253		0.004558		0.005822
7.123253		0.004461		0.005742
7.139252		0.004366		0.005664
7.155252		0.004271		0.005586
7.171252		0.004177		0.005510
7.187252		0.004084		0.005435
7.203252		0.003991		0.005360
7.219251		0.003899		0.005287
7.235251		0.003808		0.005215
7.251251		0.003718		0.005143
7.267251		0.003628		0.005073
7.283251		0.003539		0.005003
7.299250		0.003451		0.004935
7.315250		0.003363		0.004867
7.331250		0.003276		0.004800
7.347250		0.003190		0.004734
7.363250		0.003104		0.004669
7.379249		0.003018		0.004605
7.395249		0.002934		0.004542
7.411249		0.002850		0.004479
7.427249		0.002766		0.004418
7.443249		0.002683		0.004357
7.459248		0.002600		0.004297
7.475248		0.002518		0.004238
7.491248		0.002436		0.004180
7.507248		0.002355		0.004122
7.523248		0.002274		0.004065
7.539247		0.002194		0.004009
7.555247		0.002114		0.003954
7.571247		0.002035		0.003900
7.587247		0.001955		0.003846
7.603247		0.001877		0.003793
7.619246		0.001798		0.003740
7.635246		0.001720		0.003689
7.651246		0.001642		0.003638
7.667246		0.001565		0.003588
7.683246		0.001488		0.003538
7.699245		0.001411		0.003489
7.715245		0.001334		0.003441
7.731245		0.001258		0.003393
7.747245		0.001182		0.003346
7.763245		0.001106		0.003300
7.779244		0.001030		0.003254
7.795244		0.000955		0.003209
7.811244		0.000880		0.003165
7.827244		0.000804		0.003121
7.843244		0.000729		0.003078
7.859243		0.000655		0.003035
7.875243		0.000580		0.002993
7.891243		0.000505		0.002951
7.907243		0.000431		0.002910
7.923243		0.000356		0.002870
7.939242		0.000282		0.002830
7.955242		0.000208		0.002791
7.971242		0.000133		0.002752
7.987242		0.000059		0.002714
8.000000		0.000000		0.002684
